1405236
459062
423506
927211
800001
700050
580741
503309
515161
511605
472494
516742
491853
570074
440099
1063507
772346
577581
377285
438124
387161
387951
427458
438519
468544
479606
430617
453927
365432
417976
473285
459853
372939
381235
423111
475655
406124
416395
424691
1242471
974618
527408
465383
355556
370568
404148
376099
378469
370964
355951
361086
342519
346074
416396
395062
353580
384791
459853
434568
492643
394667
463408
386371
355161
365037
325531
387951
328691
377680
350815
322371
354766
359506
422717
596149
410075
366223
442864
459457
665680
582716
5743809
528198
376889
384395
398617
381630
411260
419161
298272
320790
410075
368988
363063
517926
415211
605631
541235
527013
342519
354371
359112
354766
415605
412050
350815
402173
335408
389926
434963
401383
389531
394667
363457
364247
380050
396642
461038
550717
561384
638026
560199
524643
523457
455506
499359
392296
404939
295507
255605
247309
267063
314470
301432
295506
306963
338963
265087
342124
295111
270223
267457
287606
385580
256790
267457
371359
563358
525038
324346
315655
292741
304988
267062
382420
311704
364642
318025
356741
355951
344495
374124
375309
589828
425877
572445
399012
346470
346075
324346
325927
406124
448396
378864
333432
419951
504099
386370
308149
346469
345284
310914
297482
308939
356741
347655
382025
410864
359112
419951
800791
911014
396248
308939
286815
435358
439704
414420
352000
333038
278913
294321
314469
317630
379259
301828
312494
373333
324346
337384
332643
404543
453926
453927
393877
418766
360692
540841
623408
468544
431013
420346
814223
847804
760890
594174
967507
1124347
1004643
937878
1061928
770766
694124
954075
1218766
1920792
2635460
825285
572446
592198
596939
2742522
636446
560988
597334
478815
399408
420346
1229039
666075
638025
652642
363457
603655
480395
457482
403358
362272
396247
306964
291555
365828
318815
434569
335408
384395
344100
382815
350815
752199
484741
764840
1105384
667655
528988
444840
314865
318025
346864
376100
307753
282470
291555
284445
278124
291556
289580
280099
313284
306174
359111
300643
296296
373333
340544
312494
264297
276938
299062
335013
288000
325927
309333
277728
308939
299457
297482
276939
290766
305383
272988
276543
267852
257976
278123
356346
394272
411655
853335
1856793
1269730
518322
477630
360296
355161
291951
293926
491062
410865
501334
387556
1055606
477235
422322
346469
348839
309728
350421
402963
344099
361482
383605
388742
363457
636050
516346
441680
442470
1473977
2053139
431803
323556
286815
314470
294322
395062
325531
377680
308148
289581
348445
410074
486322
407704
435359
304198
466964
2858670
693334
540050
412445
436544
310914
436939
312889
333038
343309
389532
318815
1506768
1283952
766026
547556
608790
316445
280099
267852
239013
282074
271408
230321
225976
237827
254815
325531
261136
246519
231111
267852
313679
356741
272988
270618
297087
331853
312494
335013
348840
309333
562174
418371
338963
247309
268642
275358
261927
316840
311705
384395
325531
276544
287606
256000
605630
615902
1305680
1477928
549927
577186
489087
372939
360296
328691
264296
274963
290766
254025
295112
285630
286420
312890
231112
215704
251654
354766
262717
260346
230717
251655
314864
256395
244149
288396
239802
253630
282469
241383
281284
301037
230321
220840
220445
273779
249284
237828
254815
236248
264691
272593
272988
372148
685828
1003458
352791
282074
302223
283260
268247
323951
287605
277729
264692
276148
404938
305778
265877
268642
232297
221235
250864
225185
220050
216099
229531
212544
365433
291556
220445
319210
295506
328297
358717
278519
290371
365828
510025
1062717
973433
3041979
997137
481976
3139559
969087
485532
412445
385185
366618
386766
314864
346074
307358
624988
342914
263902
244938
224791
241383
240593
248889
265482
231112
205037
188840
190025
199111
292742
327902
372544
363457
258371
367408
317234
282865
213334
241778
235062
240198
327902
442865
823704
777877
337778
314470
229926
263901
264691
212149
211753
199901
256790
202666
195951
164741
274173
197531
182123
266272
225186
171062
173037
198717
222815
308543
256791
339359
274173
375704
365433
224790
196741
184889
180938
182914
182913
180148
182123
181333
175407
175803
223605
187654
173432
179358
174222
176592
181728
172247
205038
190420
155654
164741
151704
180938
198716
175803
171061
175408
171852
177778
210964
215309
227556
247309
184494
158420
144988
178568
452346
464988
740347
1195853
954471
445630
163555
141432
136297
187655
158025
153679
157234
150914
161185
207012
257976
289186
345679
375309
594568
336988
277728
212938
189235
197531
176593
168692
178568
294717
259160
300642
323160
196346
237827
289185
322370
193581
182124
172642
166321
165926
200692
171852
202272
165926
165926
164741
163160
179753
171457
190815
167112
184889
159210
161581
184099
493828
227951
208988
242964
209383
345285
249680
319606
478025
473284
217679
184890
222815
278519
210568
184495
175013
156840
176198
218865
231111
182123
188050
174618
187655
146963
152494
150519
146173
164346
144593
148543
142617
149334
146568
145383
146568
138667
143012
146963
144198
143408
142223
143013
134716
147358
147359
144198
404939
219654
178173
124049
129185
122865
124050
124445
131161
127210
120099
123654
122470
124445
131556
123259
131556
128000
124049
120494
124840
136691
124839
137482
179754
200692
171062
258765
167111
163950
176198
155259
135901
117729
121679
120494
118914
124445
119309
121679
115358
122864
123259
155260
155655
321581
179753
387951
243358
193580
216099
171457
260346
190025
190025
205432
208197
364642
428248
502519
503705
591408
3157337
459062
313284
252840
252839
355161
258371
273779
263111
241383
220050
241778
229531
229532
196346
240988
252445
210173
186074
161580
185680
160791
173037
167111
173828
167902
156050
179753
183309
157629
152889
151309
179753
204247
161581
190420
205827
179358
564939
190025
155260
185284
498963
510026
502124
227556
405334
338173
262716
252445
195951
228346
244148
198321
161186
155260
169482
732445
666865
461037
192395
195161
169876
225185
199111
173433
195556
167901
274568
397432
2402373
361877
227951
163951
164741
157234
169876
225976
270618
263112
248099
246519
242173
252445
228346
237433
1040199
822520
361877
2542620
365037
870322
3492350
510421
320001
270223
306568
241383
191605
163556
218864
285235
254816
284445
230322
3539362
791310
296297
2202867
700050
1703508
312889
299852
251260
239013
295112
248890
234667
257975
338568
342124
352395
321975
324346
330667
320001
714273
314470
266667
247309
264297
255210
276149
332643
245333
244543
171062
237433
199112
148938
150519
163556
142222
147359
160790
148938
146963
153285
160000
147358
156445
147754
180544
457482
374519
247309
156049
152099
146568
150913
175012
2185484
362272
298667
199111
154469
165531
154864
159210
163161
149729
156840
152098
156840
156840
151309
152098
146568
154075
177778
146568
146568
188445
188840
183704
182913
160000
188839
163556
182124
158815
168691
175013
166716
175408
182123
254815
180149
279704
196741
152889
156839
182124
222815
221234
221235
282074
211753
198321
528199
348840
233087
190815
167506
179753
169481
259556
170667
161580
169481
184889
148544
160790
171457
164741
171062
151704
154075
155655
153284
161975
155259
141037
147754
165926
151309
175408
165531
150124
145382
144593
141037
175407
173432
159605
190815
165136
152099
531359
1018470
931556
421926
266272
198321
163556
158815
175013
177383
164741
159210
165531
216889
170667
162766
148939
177383
328297
173037
229136
232297
197926
169086
169482
170272
143803
145383
143802
144198
158420
163556
161975
147358
147359
145383
157630
144198
198321
229531
250469
176198
162766
160395
152494
179359
152889
156049
147753
158025
164346
162766
201086
188445
178568
174617
143803
130370
139457
160000
159211
156445
146964
143803
153284
159210
172642
321580
155654
133926
149334
138667
143407
162370
160790
179753
140247
146173
134321
134716
169086
137481
130370
138272
135112
137482
150124
135507
143013
241778
208197
173432
144197
146963
439705
189235
173037
161580
151704
156445
139852
139062
137877
141037
128000
136692
136297
137876
137877
141827
136691
151309
132741
152889
148543
154074
147753
152099
147358
143013
173037
152494
168691
162371
148149
150124
146963
169087
156445
145383
139061
139852
149729
321976
257975
239013
146173
146568
142223
143013
173828
157629
136691
140247
133927
148939
140247
136691
143012
138667
139457
160790
143407
156444
184494
174617
218469
192000
228741
161975
190815
149728
148543
149728
187655
271408
2865386
319210
202272
182914
175803
235852
169087
132345
109037
109037
106272
119309
113383
113383
107852
107852
114963
105876
111012
105087
109038
118519
123260
124050
125630
153680
139062
125630
123655
193976
157234
158025
151309
149334
150519
126420
163555
176198
152098
144988
135507
147358
137481
136691
136691
133531
136296
131160
171457
155655
142222
131160
131555
160791
160000
155259
147358
217680
248889
234667
203062
205827
346865
175012
152889
120494
127605
139062
139457
124839
108247
118124
111408
160791
154074
133926
108642
143407
172247
160000
124444
108247
137087
120099
149729
134321
139457
119704
148939
147753
120494
105877
205433
162371
162766
192001
142618
154074
182519
376889
794865
463803
699655
201087
172247
149729
148544
121284
130370
121679
159210
126815
148148
144593
132346
131556
162766
139852
142617
151704
138272
203852
177383
152099
157234
140642
141433
148149
137087
134717
133926
138271
129580
146173
130766
132741
132740
135506
178173
147358
137482
200691
682667
233087
179753
365038
192791
162371
158815
146963
136296
141037
135507
141432
160395
139062
136691
136296
141037
133531
143012
481581
199902
233482
157629
144593
162371
165136
148938
153284
178568
190815
147753
153679
146173
137876
143802
139457
139852
139062
184889
226766
161580
208988
190025
251259
227951
301038
389136
190420
188049
184099
156445
152889
112987
144197
111012
141432
117334
130371
155260
138272
138272
133926
136692
182519
175013
153284
126025
128000
120099
151309
147358
122865
139457
150123
116543
130371
124445
119309
146963
113383
129976
135111
130765
112198
134321
188444
124049
116543
129580
146568
161185
148938
191605
190420
168297
239408
240593
173037
154470
155260
124050
124050
114568
131951
116938
120889
122074
146964
140643
140642
239012
152099
159606
146568
170272
137876
152099
162766
149729
162766
134321
138272
135902
142617
145778
146568
202667
150913
158025
129580
188445
183309
111408
173828
145778
188444
107061
158815
148544
120099
133136
146568
319606
282075
214518
550321
478420
404939
211358
199111
138667
121679
107061
165136
132346
112198
276544
167901
190815
169877
142618
155260
182124
161975
175802
162766
133926
133531
152494
135506
128396
132741
190815
149728
142222
137481
131160
161580
160395
170272
160395
162766
137877
140248
126025
175803
144988
146568
162765
200691
182123
174617
147753
148939
181729
290765
239013
287606
252840
169086
167901
287210
239013
169877
316445
209383
161975
147753
147358
146963
161580
146568
144593
147359
138667
173828
142618
149334
152099
143012
140642
153284
146173
138271
141432
453532
533334
644346
182123
148543
170667
229531
287210
168691
119308
137481
133136
133136
124445
119309
148544
129975
157235
122074
128395
134322
124840
131951
155260
147753
157630
164741
124840
146173
145778
127210
133531
116939
148148
122074
116544
113383
114173
163556
118914
122074
105086
135111
106667
160791
119309
103902
130766
133531
149334
103506
111407
119308
110617
120099
102321
107062
112592
111802
116148
104296
120889
108247
109037
116938
139061
119309
145778
131951
135111
150519
106667
137877
117334
120494
127605
134716
152494
156049
151704
132741
107457
105482
132346
118914
101926
111407
105086
106666
107062
105877
148939
103506
161185
150124
106667
123260
135902
116543
177778
146173
167111
158420
143803
125235
116544
115753
133531
153679
176198
148939
137482
140642
124049
128395
163161
147753
110618
162371
120889
159211
161975
198321
135507
145778
124050
116939
127605
171852
137877
142223
292741
491852
726915
504890
463013
216099
131555
135506
111013
111013
160790
110617
114963
110617
121679
111408
113383
150914
113383
121284
115753
117333
202271
218470
125630
145382
173827
141432
174222
147753
190025
183309
170271
203852
202667
162370
143408
158420
210173
176988
150914
145383
165136
149333
155654
173827
149728
143012
160790
142223
138667
181728
154864
162766
164741
180148
158815
182519
182123
235852
205432
154469
173828
169086
162370
274568
248099
369779
449581
207012
167506
174617
240593
244148
182123
210568
196346
303013
227556
495803
1078520
299852
284445
244939
273779
340939
168297
158815
195161
182914
288396
2263311
586668
385976
332642
410864
444050
2375509
1449879
326321
246914
243753
247704
268247
237038
242173
278914
216889
161580
151309
157235
144988
143802
162765
148543
150519
159605
431013
417581
288000
587852
702420
226766
175802
384791
223605
425087
299458
176198
275753
194765
184889
174618
166322
163161
156445
150914
160791
203852
199111
155655
186075
303013
180149
149334
150519
145778
155654
282469
199111
200691
219654
206617
148148
152889
139852
142617
171062
141828
141828
143408
139852
142617
164741
139852
143803
141827
140247
142222
188840
158025
142223
144593
174618
152099
207012
146173
161186
172247
190815
225581
195161
194766
192000
210963
172248
161185
187259
5814130
479605
320790
231111
209778
338963
188445
220840
203457
191210
142223
137482
145383
138666
138272
224395
210568
159605
156840
178568
150519
151309
149729
166321
153284
168296
151704
148149
150123
139852
147358
141037
225580
131950
130370
133531
129581
128395
122864
130766
124050
127210
130765
128395
142222
141827
136691
134321
164741
146964
149334
156839
131950
170272
143803
150914
149333
143802
149333
151308
145778
137482
142223
141037
143802
148938
137481
139062
141037
144198
153680
152099
152099
177778
214914
156839
158420
199111
233482
227161
328297
255210
479210
783803
762075
435754
215309
172642
163161
155260
180148
161975
243753
167507
155655
155655
145778
142617
143013
146568
165136
189630
150123
152099
156445
157629
146963
143013
133136
136691
138667
143013
139852
136296
137481
138272
141432
141827
134322
147753
142222
144592
147358
152889
146173
133532
151704
346865
218865
189235
205038
240198
272988
198321
178568
258371
261531
197136
179754
174617
145778
216889
224396
256000
173432
160395
163556
161186
175013
166321
148148
147358
131556
136691
135112
143803
150124
162371
158420
154469
202666
204247
164346
293927
167506
265481
696890
221235
246914
151704
132741
129186
190025
141433
234272
235062
250074
277729
183704
155260
151309
234272
265877
170272
198716
159605
146173
133531
148939
152099
136296
133531
140642
154074
128396
150124
183309
173828
135902
135111
144593
147754
133136
144593
150914
142223
154470
133926
139457
135506
124444
244938
164345
160790
218074
372543
167506
159605
178569
141827
139852
121679
125234
125630
141037
126815
131555
134321
125235
128396
129976
146963
200691
144988
138667
129976
251655
219260
170667
148148
158815
144198
179359
158815
141433
130766
132346
132741
138667
135902
131161
128790
135901
122469
139852
123259
184889
237037
1029533
749433
232296
233482
162370
172247
432593
286420
282470
231507
237037
262321
235457
243358
227556
636840
327901
257976
232692
233087
252445
228346
199506
203457
202272
190815
195160
210173
182519
174223
200297
186074
170667
205037
110617
113382
108247
116544
111012
107852
108247
112592
111802
119704
109037
110223
107457
103112
104691
108247
99161
119704
105482
109433
106272
105482
128790
107852
117333
104296
113777
106272
115358
116148
104691
116148
103507
119309
125630
128395
104691
133531
106272
149729
156050
142223
137877
120099
120098
123654
154075
129185
119309
123655
148543
134321
2491657
604840
245334
147358
148543
146568
179754
163555
208988
165926
142222
204247
141432
143012
140247
219655
160395
201482
174617
182914
161976
159605
145382
204247
148544
149729
163951
124840
121680
121284
146963
123259
124840
136297
130765
122864
133926
116543
140247
117334
122470
120494
118519
126420
114963
125235
123260
128000
160790
129581
129975
139061
133926
201482
294321
144593
180939
144198
143013
125235
117729
158025
146173
183309
145383
144592
149728
169087
151309
136692
133136
171062
154469
155260
232692
137087
132346
184495
131161
137482
131556
135902
140247
143802
192395
147359
142222
129975
195556
141828
466568
347260
688988
1117236
786569
495408
174618
200692
200691
225185
171457
162765
165531
347259
159210
165926
358717
220840
184099
178569
193185
178568
178963
180148
176988
182123
176987
190420
173828
179358
168297
172642
172248
172642
180938
108642
142617
131160
154469
125629
133136
208198
199111
154865
319606
141828
131950
120099
121679
122864
142618
117729
118914
119704
117334
122075
109432
122469
107852
127605
155259
139852
163161
167506
143408
137481
140642
138272
277334
274173
524247
175408
119309
111408
135506
132346
111407
110222
120494
111407
120099
123259
136296
115753
111803
112988
141828
118124
122469
117333
107852
262716
156840
144592
127605
105877
114963
107456
115358
111013
107062
146173
120889
122864
122074
122075
125235
137087
152494
121679
110617
106667
119309
130370
138667
116543
122075
124840
108247
123654
103902
117729
122469
120494
121679
115358
116149
104691
111802
107062
112592
112198
103901
135111
114173
169086
137086
120889
134716
104297
123655
141827
138272
133926
150518
108642
108247
120099
135901
122470
150519
105482
105877
115753
118519
117333
148938
124840
142222
137482
147754
162766
136692
163161
180148
141038
175803
141828
137482
120099
143407
141432
155259
134716
139062
135111
131161
137482
129186
187260
228346
210173
500939
931557
281679
174617
158815
148149
148544
152099
146568
141432
159605
150913
180148
146173
147753
157235
269038
188445
124840
145778
177383
137086
127605
139457
150519
107457
105877
134322
143803
151704
135111
122864
144988
107061
105086
137876
105876
103506
112198
146568
160000
127606
163161
124049
135506
149334
144988
146963
124839
146963
117333
128395
141828
196346
222025
156840
149729
150914
250074
178568
166716
162370
135901
137876
114963
113778
117333
122075
158815
150124
107062
104296
119309
140247
118518
154469
226766
298272
151704
109828
138272
103111
139457
131161
144593
183704
161975
128000
146963
142618
176593
144593
144987
143407
173037
174222
161976
208593
375704
179753
154864
122074
122074
126815
135506
120494
117728
119703
116938
119703
128000
124445
146568
120889
120494
115753
149334
125235
122074
129185
128396
138272
129186
139457
127605
138272
132346
122074
124840
551902
553877
170667
148543
174618
180148
154864
152099
155655
193976
261136
236247
183309
225581
233087
1107754
611951
2893435
4751808
1037039
259951
210963
214519
201087
202271
151704
174223
1745385
1187162
933927
1319507
857680
566124
304988
278124
236642
226766
281680
213333
1325039
527013
320000
246914
254420
388741
5383512
845829
273383
222420
1651360
2599114
471309
5754081
578371
1870620
1113680
421532
2823115
316445
237828
242173
212938
217284
220050
232692
217680
256791
233482
213334
210963
220445
228346
231902
307359
279704
871902
272198
191210
157234
171062
148939
153679
149728
210568
316444
191210
174222
257185
277729
175408
154865
141827
149333
136296
143802
148149
143012
202272
156840
173433
156050
203457
340148
260346
267457
251654
764445
305779
267062
225580
226765
237037
205827
159210
149334
156840
191606
406519
316839
5029142
5407216
765630
337778
254420
218865
145778
155259
139457
141433
142223
133136
748248
411260
202667
880594
861631
770371
897976
320001
172247
155654
161580
176988
154075
163951
154074
167902
147754
170667
154469
186469
172247
151704
150123
184494
148149
165136
155654
157629
169482
167901
171852
253235
164345
154074
201086
158025
144198
163556
138272
144197
144593
946174
199902
152889
145383
167506
150123
142222
142223
142223
137087
143012
140247
172248
172247
163160
215309
221235
163160
143407
173827
150124
154074
146568
154074
153679
171852
144988
147753
144593
143013
147358
144987
279704
365433
236642
1707459
321186
264296
284050
226766
272198
220839
166716
154074
197136
150914
147358
148148
153679
225580
161185
162765
137876
149334
144198
165531
186074
185679
144593
186075
159210
152099
157630
159605
192000
163951
147358
148939
182124
227556
167901
161580
216889
150914
182914
141038
172247
174222
175802
176988
169087
164346
167111
207803
155260
161580
144988
141432
158815
181334
416396
447606
303408
235457
218865
263902
222420
204247
161185
150124
149728
149728
152099
263112
150124
154074
154469
288000
214124
318025
458667
199112
161976
470519
563754
192396
169482
157630
182123
161975
161976
163556
176593
180543
214914
178173
162765
169482
274963
162766
147358
192001
201087
352791
212148
181333
147753
146963
152889
144197
150519
156840
158420
139852
151309
154864
149334
150123
142617
156839
145778
147753
147754
140642
144593
147358
138667
167901
139852
147358
142223
143408
141432
150519
133136
149333
142223
134716
144198
210568
152099
152099
156445
171852
148148
150518
150914
147358
136691
166321
148544
143803
120494
122864
113777
120889
129976
122074
151309
135111
132741
145383
129186
129185
133531
133531
133531
139852
134716
133926
128000
127605
137482
193186
205828
210963
233877
210173
267457
558223
271013
321975
227161
175407
146963
162371
157630
149334
169877
202272
159210
157630
150519
148543
145383
142617
157630
168297
134716
136297
133926
136691
257186
150914
159211
146173
130765
147753
137087
133926
222025
210963
164741
153679
141827
148938
143407
145383
148543
142618
143012
150124
171062
189234
169482
139852
134716
137087
126420
125234
121284
124445
150914
131555
137876
203062
149334
611161
169087
147753
147754
143012
166321
144988
143407
181728
128395
143013
118123
117333
122075
114963
120889
126025
179358
119704
116544
121284
119704
121679
123654
135112
114963
126420
174222
149333
247704
196741
351210
153679
142618
197532
132346
194371
163950
258765
271803
185284
131951
136691
119309
123259
132741
144988
147754
139457
169086
144592
141827
206617
124445
137877
121284
114963
113778
133136
119704
113383
105481
104296
102717
119704
143013
114173
125630
147753
106667
116148
111407
120099
174618
124445
132741
124445
136692
172642
143803
135112
107457
115359
114568
134322
103111
115753
111013
112988
110222
115358
121679
109432
109038
106667
102321
104297
101926
102716
105482
103901
112197
117728
111012
115358
111407
119308
104691
110617
129186
112198
145778
140247
129581
114568
133136
115358
114568
148148
113383
180543
167507
170272
139457
138667
185679
264296
259556
227556
286420
212149
188445
202272
240198
213729
269037
850569
242568
205828
199902
161186
134716
180938
227556
158025
211753
145383
187259
449185
1229433
929582
675556
477235
281284
299062
153679
143408
176198
228346
185284
144593
145778
169482
159210
180543
150518
146173
135901
151308
174617
137481
133926
134717
131161
135111
208593
151704
145778
153284
155260
161580
134321
133531
148148
133926
129581
142223
127210
121284
122469
123259
131555
131161
115358
119309
118123
117728
116938
121285
126025
116149
124049
122864
128790
117729
139852
131556
119704
118519
116939
127605
125234
130370
129185
127605
142618
135506
124049
132741
133926
129581
134717
138667
123655
127210
137482
126025
118124
118519
103111
128790
136691
131160
589432
391902
410865
568889
231902
140247
142617
158815
150518
133926
128790
109037
107062
128396
111408
116543
123654
140642
133531
147753
144197
134716
123655
115358
114173
137086
135901
134716
127605
130765
126420
124445
177778
129975
128395
373729
282074
227555
210173
140247
128395
155259
143012
144197
127605
116939
154469
144988
144593
168691
145778
131161
131951
135506
119704
181333
133136
133136
133531
137086
157234
160790
131951
127605
142223
152889
174617
141432
138272
141038
133531
136692
134322
129580
134716
158815
139852
139852
154074
229926
212544
137877
150518
141827
231506
159210
144198
136691
138271
130370
134321
131951
118518
115358
143407
136296
131161
119704
136297
141432
149728
158025
234667
151309
133926
146173
340544
426272
554273
144198
163161
131161
134321
118123
117728
136296
134321
131161
130371
126420
120889
132741
174223
141432
160790
150914
156049
139457
111013
118518
122469
134717
126815
118914
121284
110223
108247
116938
132741
119703
131951
115753
171457
141827
105086
101531
102321
137877
98766
142223
142222
142617
106271
101926
157235
159605
128000
155655
128000
131160
123654
103902
133136
105482
110618
116149
108247
158025
114963
112988
114568
145383
153679
144592
153284
122865
140247
151309
126420
141827
165136
155654
136691
153679
162371
131555
155259
207012
154074
159210
174222
128000
144593
120889
119309
126024
121679
146963
213333
179358
17106