1155162
368593
308148
549532
579161
537679
522272
379654
371753
309334
257580
373334
530569
445235
370173
830026
389136
425482
410075
331062
284444
328691
374124
404148
370173
403358
333038
385976
320791
381630
373334
371754
321185
286025
303407
307358
350026
334222
342914
419556
376890
395457
365037
331062
346865
322370
338569
335803
425087
401383
454322
323556
348840
431408
411260
438519
406124
391111
370174
372939
333037
418371
296297
297481
395458
334223
286815
250470
350421
323556
352396
399013
372149
323161
345284
426667
366222
356347
355161
367013
406914
363853
391902
318815
416001
5909735
440100
422321
520297
336198
517927
410864
368988
338963
323161
373334
347654
394667
361482
449186
452347
432988
401779
515161
551506
427852
448791
391112
575211
614717
629729
804347
3065288
635260
514371
386766
519901
540445
505680
559408
812643
429038
441284
419161
413235
427457
431803
372939
391507
331457
268247
292741
201876
210173
234667
220840
267458
245334
282470
251655
348444
329086
271407
261926
237432
207012
205037
239407
350815
314865
292346
389531
253630
499754
785779
459062
361087
905087
826470
441285
336988
403754
701631
462618
410865
429038
685433
611951
650272
708742
441680
468149
517137
383605
506075
760890
993187
523063
1060742
542815
343309
434963
498568
1825978
1239706
1280397
1082075
587853
626569
429433
393877
327506
320791
306568
330667
400593
455112
373334
369778
335803
420346
343704
311704
353976
328691
300247
352000
320791
321185
304198
408099
427062
1753681
621828
402173
517927
445235
341334
510420
414026
407309
327901
463408
401779
335408
395457
325531
321581
410469
421136
1524149
1727607
1023606
804742
355161
359111
312099
299852
361087
339754
407309
312495
336593
553878
1090767
446420
419951
403754
553087
452741
487902
359112
335803
483951
389532
389927
346865
299063
320790
297087
274963
310124
281284
312495
383210
332247
355556
308544
265087
313680
304198
312890
276543
283655
303013
266272
297482
295112
312099
285630
317630
265877
252839
271013
314864
275358
318816
256396
348445
1054421
1523360
1455409
480000
345285
388742
358321
347260
432198
455902
267062
291951
239408
253630
258765
266272
231901
227556
230716
232297
219655
223210
218470
220839
218470
239013
270617
253630
367803
308148
243753
328297
336988
390716
285630
243754
301037
214518
229926
316840
299852
244544
319605
334617
399408
562569
405334
325136
270222
314469
244149
278914
237828
263111
282865
348840
370568
317630
227951
366617
302223
317235
544791
466173
393482
429433
432988
332247
331853
348049
343704
385975
1439607
434173
469334
724149
608791
885730
611161
562569
512396
365432
667260
993976
1413927
578371
575605
438124
616693
361087
303408
359506
295112
295507
279704
243358
221630
224396
222025
235852
217284
221630
232692
234667
208592
208988
203852
224395
276149
520296
274963
218864
293136
214914
229531
350025
305778
337383
293926
272593
243753
259556
205828
218865
200297
244544
228345
217679
219655
201087
199506
208198
295902
2721584
440099
208593
167901
208197
196346
207803
178568
154470
203062
146568
186864
169482
171062
218075
233481
218865
195161
239408
179754
150519
175803
225186
167902
165926
160000
153285
188445
199111
183704
198321
235457
190420
218470
188445
168296
157235
176988
169482
158815
229136
214519
252049
194371
234667
197926
208198
207802
227161
204642
208593
255605
198716
235852
164346
193975
236247
331852
404543
257975
310914
305778
293926
1024791
472494
752199
1360200
787754
489877
290371
382420
278124
348050
308938
328297
317235
267852
435359
343309
329086
432198
1688496
646717
531754
437334
435359
438915
458273
286816
598914
313680
285235
247704
227556
250074
318420
206618
199507
229532
459458
495803
263507
248099
291160
271408
232691
223211
268643
243359
749037
241779
183309
312099
331852
259160
258766
183309
182518
218469
178173
209383
207407
273383
205038
236642
250469
227951
342519
414815
226370
247704
248099
282075
227556
205828
227161
218865
249285
229136
204247
233481
234667
210173
247704
373729
240593
220840
276148
231112
232692
192395
195161
181334
224791
218865
330272
270617
335408
316050
267062
269828
2502324
442075
307754
199507
205038
180939
191605
211753
190815
172642
178568
174222
187654
160791
177778
245728
195555
222420
326716
228741
245728
255210
222025
193976
192000
171852
207407
195556
198321
184494
285235
276544
192396
238618
229136
301037
219259
224791
183309
342124
496593
369778
330667
294322
260741
236643
289186
262717
219655
173432
165926
2848398
648692
740346
484741
1017285
470914
312099
358321
294322
303408
277334
226765
186864
178173
379260
276544
225976
210963
224000
180148
173828
229927
179753
179359
191210
208988
189630
176988
212544
174223
194766
280494
381630
358321
210963
173037
175408
176987
201877
170667
175408
207013
175802
190025
163951
204247
203852
192790
192000
208197
177778
156840
171457
144593
150914
193975
174222
176197
261531
224790
180543
159210
180149
167901
171852
341729
205432
236642
201087
207408
192790
304593
315259
265877
243359
357136
218074
167111
251654
198716
192395
170667
168692
156445
202667
160000
155654
204247
312890
292346
280099
254420
226370
190025
188445
224790
183309
184889
177778
179753
278519
190420
224000
277334
215704
239408
232296
214914
178568
180543
171062
220840
190815
194766
178964
192395
224000
209383
169877
233482
175803
161975
152099
159210
178963
195555
197926
236642
213334
214914
154469
421532
263507
316050
235852
169086
178173
182914
382816
414816
366223
240593
208988
364247
10989840
502519
344494
275753
320791
236643
229531
222025
259951
221630
1406816
788150
475655
397828
437729
250074
185285
153284
190420
223606
202667
181728
214914
263902
209778
175803
208198
232692
204642
187654
169086
254025
182124
169481
163555
240198
316050
689778
315655
207803
214913
208198
276543
167506
243753
180938
152494
133136
206618
255210
179753
158815
198322
157235
175013
161185
169877
200297
207408
258765
262321
312494
348049
208988
212939
505680
309334
149334
189235
185284
300643
187655
161580
150123
197926
145778
147358
157630
140642
146568
144198
284445
259950
993581
1577484
1287508
321186
239408
213729
214914
255211
226371
358717
323951
1156347
269037
175408
150124
2343904
357926
180938
207803
148543
142223
140642
181728
726124
419556
188050
199901
269433
284445
253235
262321
250075
227161
233877
242568
217285
220445
216099
237827
741531
436544
310519
237828
252840
225186
195161
163950
154864
150519
162371
150124
144198
154075
146173
155259
164741
150124
152099
146173
149334
289976
213729
208988
242174
530174
325531
692149
208593
159210
150519
190024
149729
154864
150519
142222
149729
148149
232692
210963
206222
218469
361086
319605
280494
261926
230717
235062
292741
695704
226371
231901
175802
196346
160395
140642
141828
195161
180939
150914
135506
128001
146568
154469
158419
142222
147753
313284
178173
148149
145383
178568
158420
154470
143013
247309
248494
158025
146568
137876
152889
154075
262322
163556
146173
154074
161186
159605
141433
152889
146568
147753
184494
144198
147753
267062
157630
149333
149728
154074
161185
152890
156445
151309
193185
155260
148938
166716
151704
148148
158420
146963
157235
148543
146963
150519
143012
152099
156050
146568
146173
145383
148938
162765
147753
146173
148148
146173
230322
168296
137086
141827
153284
151309
178568
157630
147358
172642
137482
145778
137086
135506
152890
148148
162370
152889
148938
154074
205038
214519
148148
156840
153680
157234
210963
148938
161185
152099
156050
180544
163161
166716
180543
165926
189629
175012
157630
149334
205037
237432
208988
240593
260741
251260
320001
271408
163160
154864
139852
186075
148939
318815
205432
199111
148938
137482
147753
165926
222420
204247
191211
206618
180938
152889
150914
175013
185679
205432
153284
147754
216494
166716
182519
157630
242963
205432
225186
218864
210173
184099
169482
152889
150518
145383
133531
188839
145778
175802
143012
175803
180148
152494
140643
175803
162371
175408
142618
146568
143012
152889
136692
155260
173827
145778
148544
150124
184889
171852
132741
145383
154470
132741
137087
133136
131951
141827
155654
179358
126024
199111
193975
173827
182519
137877
166321
146963
141037
190420
243359
188840
156445
192000
146173
143013
163556
135112
143013
245334
246914
245333
482766
254815
225186
350815
289580
180148
196346
300643
224395
244939
269432
352396
241778
294716
182519
173433
161976
151309
202271
305778
237827
267457
360297
259556
239407
189235
155654
145778
145778
172643
304593
165531
159210
199111
247309
155655
137087
201877
135111
130370
122074
121679
154469
152889
154470
118124
155259
126420
165926
154470
144593
146568
121679
124050
123655
137087
121284
148939
128000
120889
122074
136296
149728
117728
122074
127210
148148
164346
140247
136691
137482
141827
146963
163950
136296
128395
162371
177778
176197
143407
135901
168692
155259
133926
153680
144593
897186
667260
873088
317234
277334
155259
158815
168296
161185
176593
214124
224396
480001
651457
1035853
581136
353580
219260
230716
169877
156050
149729
161581
124840
177778
133136
132741
133926
130766
246124
240593
159210
139457
145778
169482
143013
150518
149728
157630
137482
156050
126024
120889
136297
125235
130766
153284
127605
124050
152889
131160
129975
129185
129976
156445
141828
135902
168296
150123
137876
156049
231901
299457
249285
236247
261531
246914
227556
252050
186470
478816
1131854
986865
1100249
944989
545976
365037
193185
186864
210568
222025
178963
152889
189630
263901
226370
233877
225976
225186
152494
144592
133926
132741
143408
130371
141432
239012
179753
175408
147753
148544
137087
133136
129581
139062
129976
156445
153284
151704
150124
134716
146173
171457
156839
144988
237037
198717
192395
192790
222420
165926
133926
154075
144988
154865
145383
129976
137877
167902
170667
149333
148543
151308
152099
175408
141037
154075
163161
133136
162765
117728
126815
374914
189630
675557
364642
262716
243359
1033087
1931459
465383
231507
294322
170272
179753
268642
209778
143013
181729
167507
150519
149729
146963
178173
155259
129581
172247
149334
161581
147359
120889
122865
117334
129976
121284
137877
119704
146173
126815
174222
160001
153679
342519
130370
124049
155259
116543
123260
118519
149729
136692
163556
120494
148543
146173
169482
156445
134322
135901
120889
111408
105086
108642
137877
133136
131161
132741
161185
133531
149729
117333
138666
148148
161185
137087
167112
136692
138272
130766
148939
117729
137087
107457
273383
158420
139457
136692
167507
165927
163556
158420
151308
124049
146963
131951
154075
340149
425482
862026
656988
267062
153284
150123
107457
133926
148543
111408
156050
150519
128000
134321
158025
148938
109432
104297
116938
136296
137876
292741
129976
120099
131950
158419
125630
105877
135506
131950
133136
109827
106667
149728
120494
119704
146568
121284
159605
198321
152889
157630
163556
165926
176198
136692
142618
141037
136296
135901
138271
150914
134322
146963
144593
163161
145383
172643
178963
138667
181334
157630
147359
170272
136692
147358
175803
156049
156839
161580
144987
182914
159605
150123
132346
135901
150519
137482
145778
201877
132345
122864
125629
118123
180543
145382
165531
147754
156445
150124
122864
126815
127605
147358
127210
144593
126814
136691
150914
131556
133136
133136
141432
156840
145778
139852
130370
136296
126420
128790
161975
128395
141433
124445
120099
121680
116938
153284
115753
119704
138272
136692
135507
151309
144198
141433
144988
239803
273778
189630
263901
213729
247704
173432
185284
173037
169876
157235
239803
345284
351211
226371
213334
186865
200692
182518
220839
169482
203457
218075
240988
245729
218864
203852
214124
176197
180148
171457
227951
200692
175802
163951
161580
200296
143012
164346
159210
155260
186470
361482
199112
214124
170272
182518
176593
152889
188445
353976
226765
232297
282865
190815
229531
234272
224001
816988
284444
222815
268248
170667
232691
334618
175803
155260
183704
159605
154865
153679
156444
206222
160395
155260
150124
143013
208593
166716
181334
184889
211358
173038
197531
244148
218074
246914
228346
229531
223210
164346
173827
207803
180544
157235
157235
237827
252444
170272
165531
283655
827655
308148
148148
160000
150914
165136
185679
206223
238223
175013
170272
877038
435358
233877
149728
128790
117334
118519
115753
144988
165531
467754
615902
596544
279704
286025
456692
161186
142618
196741
120889
122864
119704
129976
171457
133531
118913
107457
114964
109037
143803
128395
150124
108247
137087
141038
105087
190420
108247
145383
132346
105876
119308
118913
158815
130371
122864
119309
175408
225976
241383
170667
142222
155654
135507
139457
2302817
457087
418765
187655
192395
179753
218074
162765
159605
153679
136297
147754
131161
131951
130766
141433
134716
158420
131951
135902
132346
129581
142223
155260
139457
188445
146173
203062
250865
167901
148938
149333
137481
143802
479210
375704
270618
242963
306963
271012
802372
776297
977779
317235
170272
160791
146173
151308
168691
161185
170667
172247
160790
164741
178173
141432
188445
125235
146568
147358
130370
133531
141432
240198
142223
136297
134716
122075
151309
175407
146173
144198
144988
157234
156049
144198
131951
146173
166716
148544
148544
137087
130371
153679
148543
137482
158815
170272
158815
158815
129185
144593
125235
132346
143802
146963
144198
176198
157629
144988
131161
125630
142618
201087
162371
148148
125235
138272
142222
130371
143408
152099
137086
179358
143803
144593
157630
119309
160790
130766
160001
245729
235062
150518
188444
137087
136692
142617
147358
131161
131951
131950
130765
127605
143408
142222
135111
133531
133926
132346
142222
133136
134716
131161
127606
132346
132741
129976
227160
184889
160791
173433
153284
136296
167901
157629
157235
152099
133531
136692
135111
144593
156840
137877
131160
126420
129581
141827
158025
129185
143012
139852
127605
132346
135506
126420
168296
133531
146568
143407
165136
146173
154864
136692
151309
165531
153679
133926
144197
163161
138272
150519
135507
140642
124049
131555
146963
134321
139852
133531
138271
135901
132346
225976
158025
150914
141827
141828
150914
136692
136691
137481
138667
132346
155260
134716
143802
135111
137481
155259
135111
139852
137481
144988
139457
144198
215309
205037
213333
473679
826470
208593
178173
161976
147358
149333
150123
149333
219654
242173
229927
240198
234272
226370
233482
250470
224001
216099
296691
448395
491458
257975
243358
268642
231507
237433
219655
240988
223210
314865
301828
199902
1466866
282864
937088
350025
243358
237827
277729
199507
173828
147753
146568
161976
140642
139852
143013
138667
142222
148938
146568
138667
140642
142618
157630
144197
136296
142617
140642
139457
156840
136692
143013
135507
141432
138272
141827
142222
377284
345679
1358223
789334
354371
884544
194766
160000
194765
158815
160000
143803
154865
131951
154865
149729
295902
242568
179753
144593
140247
140247
118519
122865
128790
111012
130766
134322
110222
103901
138272
105877
133136
129580
102716
117334
150914
141038
113383
131556
131951
106271
129185
141828
126815
132741
141432
122074
144593
170272
161186
169482
156050
154470
158815
168296
142617
135901
155259
214123
219654
209778
450766
250469
334617
257976
160395
146963
137877
140642
143012
211358
136297
136692
139457
149728
171457
146173
156840
140247
148544
165927
301828
167111
160395
178568
167507
168692
227951
536889
841087
936297
308543
155654
139457
120494
119703
148938
122074
152494
173037
135902
128000
187259
136297
141828
171457
133927
121679
156444
125629
132741
141827
143012
161185
163951
139457
183309
124840
121285
104692
108247
152889
161186
138667
134321
118913
110617
105877
165531
140642
145778
143408
156445
175803
154470
160790
147753
157234
172247
158815
158420
161976
199507
134321
137482
127605
135506
167111
195160
142222
138667
143408
130370
146568
146568
141827
138271
129580
137481
147753
138272
133531
135506
136691
142617
140642
138271
149728
135506
138667
220839
222420
171062
155259
178173
212939
265482
191605
256395
226765
193185
191605
218074
467358
196741
151704
179753
149729
132346
144987
203062
144988
157629
134716
146569
137877
119309
144988
117333
122864
150123
151308
141827
144988
166321
135901
131951
147753
126420
114964
125235
171852
122469
176198
131556
125630
118914
124050
144988
120889
117333
120889
145383
116149
120099
116544
120099
144988
117728
127210
143803
118914
123259
145383
128395
133531
129976
128790
197926
161580
147358
112593
132346
237828
169482
142617
137481
148148
127606
385975
221630
188049
238617
230716
218469
195951
196741
227161
241383
221630
223606
220840
498174
326321
276544
276544
205828
215704
199902
238617
229926
216100
211358
132741
156840
146568
145383
126815
150519
138272
150914
146173
155654
152099
162370
155260
161976
146963
158025
154074
139852
160790
173037
200297
188840
122074
151704
115359
119309
116939
160790
120494
116149
149729
128395
136691
137876
135111
141038
137877
140642
213333
147358
157234
173037
120099
117333
160001
116938
126815
114173
117334
113778
120098
120099
137087
118914
141038
137877
148543
186469
194766
149729
152494
128396
152494
129185
127605
139062
140642
147753
138667
141433
133531
137876
141827
118124
126815
139062
128000
117333
107062
103902
108642
109828
105086
158815
130371
115753
133136
138271
120494
205432
129976
134321
157234
104691
122469
229531
193185
167506
187654
321975
505680
249679
225580
202272
201482
453532
178173
156840
109037
133531
158815
108247
105086
154469
133136
137482
118124
163951
135111
150519
123260
150124
136692
137877
164741
135111
207408
209779
181728
148149
171457
154469
145382
146173
139062
141432
173038
205432
123654
124049
135507
103111
111407
103111
166321
113778
101531
144988
104692
110618
105482
107062
162765
121679
144198
126420
146568
133136
128395
136692
139062
143803
154470
144988
141038
160000
151308
172247
156049
141037
146568
126815
169087
158025
141037
141827
140247
144593
141433
162766
144198
144988
141432
118519
161976
121284
159210
157630
160790
165926
144198
169481
150518
172247
148939
248889
522667
268642
211359
177383
220445
157629
205827
225580
435358
344889
426272
224000
209778
517532
175408
138667
121284
119703
169482
118124
133531
123654
132345
146173
105087
117728
134321
129581
262322
152494
174618
140247
152099
154864
130370
137481
146173
133136
167506
156050
107852
115358
131556
173828
154470
153284
154864
154864
134322
135506
129581
122864
116543
156840
131160
124839
124049
147753
133136
141432
138272
117728
104692
133136
158420
119704
157235
104297
130766
125235
135506
105481
104296
141827
132345
142617
107852
128790
136691
147753
145383
158024
176198
172642
134716
130766
134321
199111
145383
152889
222420
272593
480001
264296
238222
633680
241383
197531
183309
195161
212939
217679
1222323
242568
183309
321186
306173
274963
261531
224000
223605
216495
242964
873878
294716
223606
272198
219655
215309
209383
222420
2017187
507655
783803
2591213
515161
274963
6170082
1969780
931557
455506
286815
233876
228346
225186
286025
221630
215309
229136
241778
201481
213728
232691
205037
215308
205432
241778
200692
201482
200692
224001
212939
224395
264691
237432
238617
218074
244938
213333
219654
206222
231901
228741
2288990
562569
444050
228741
231506
201877
195161
196741
215704
372149
239013
225976
212148
212149
205037
222815
246124
239012
236247
212544
213729
214914
233877
230322
214519
216494
240198
2656793
1679409
460247
1260643
359111
229926
192790
214519
160395
153679
1189533
209383
136296
146568
133926
204642
224000
156840
138666
138272
136297
138667
137482
137877
158025
181728
135901
143012
145383
131951
218470
199111
214519
239013
192790
144198
142617
181333
205037
203852
207013
139852
169876
169086
135111
147754
135111
150914
133531
128791
129581
128791
131556
136296
130370
125630
130766
125235
127605
127606
148543
143012
135111
126420
128395
118914
137877
123260
137482
126815
132740
124049
137481
113778
123259
150123
131556
156050
138667
146963
121679
154075
134716
122074
594964
450371
363062
1251952
425877
902322
256000
236247
387556
457482
284445
256395
2358126
827655
344889
260346
264297
244544
185679
154864
143407
170272
144593
142618
135901
139457
135902
176198
221235
246518
320000
230716
218865
212939
237037
217285
215704
209778
192395
154074
140247
144198
157235
249679
209383
202667
229926
210568
213729
201087
218469
168297
136692
133531
127210
131555
126420
131161
158420
157629
141827
143012
176987
168296
141827
143802
144197
154469
140642
136691
139852
147753
140247
154075
142222
142617
140642
138667
143407
180543
141827
141433
173037
214519
384791
270222
1882077
1244051
625778
754174
231507
148544
161580
149333
143803
175803
150519
142223
150519
135902
137087
148939
141432
160000
434173
224790
175803
141037
134321
129976
135506
146173
178568
156840
162766
176988
138667
190815
150123
149728
151309
154470
206618
227556
197926
174222
246519
237432
299062
266667
171457
201086
238618
245728
176988
168297
173038
242173
162370
167111
149333
156049
165136
158815
131160
121679
128395
121679
159605
161186
155260
125630
132346
131555
119704
173432
173037
177778
201087
177778
342519
134321
146568
162370
168691
188840
229532
187259
156840
278124
924841
648693
224396
178568
184494
161186
169877
178963
199112
189630
154470
163161
258371
243753
238618
199902
151309
304197
505285
196346
190025
242173
497779
197926
202272
144198
139852
137087
274963
222420
287605
134322
147358
185679
165926
176988
165926
158420
174618
191605
150913
138667
134716
152494
137482
141037
134716
141827
135901
156839
333432
243358
182124
136692
206223
140247
141432
164346
144197
135111
144198
141037
133531
145778
130766
137482
131160
116544
135111
133926
135507
143013
231111
155259
163951
168296
159605
144988
171852
225975
159210
146963
133531
120494
156049
120494
131951
126420
129580
140247
147753
131161
134717
142618
135506
153284
144988
121285
129580
135111
126420
122864
147753
118124
122074
117333
115754
145778
142618
157629
143803
140247
136692
136692
153679
137482
143408
140248
235852
171457
164741
138667
161975
145383
141432
167506
124444
119703
118519
116543
134716
141433
133926
235853
163951
164741
154864
131161
126420
143013
124050
132346
148939
135111
132346
127605
135901
145383
157234
133136
134716
133531
131556
131556
148938
133926
129976
130371
128395
135111
140643
132346
134716
140247
128000
119309
135902
126025
131556
133136
129185
134717
131161
133531
131950
124444
163556
148938
170667
180543
203852
194766
201482
247309
512000
898371
186075
186865
146568
253235
220840
227555
232691
227161
222025
224000
284050
307753
1122767
288395
309729
238223
358717
309729
208987
216099
192395
224000
368593
157630
139457
133136
160790
193580
142617
139852
136691
140247
133926
173432
138667
138271
130765
140247
143408
143408
141037
130766
134716
127210
123655
142223
122469
144197
162765
148149
131556
127605
129185
128395
137087
129186
134716
159605
133531
134321
131556
136691
137876
144593
150519
139062
137087
137877
208592
136691
129581
128395
136691
131556
140247
131556
406519
297877
566915
361877
190025
969482
344099
834371
174222
144197
139852
141432
145383
137087
145383
131950
128790
133136
155260
137087
143013
139062
142223
136297
140247
138271
133531
142223
132741
134322
139852
129975
130371
132741
128790
130371
136297
140642
132346
134321
131161
133926
176198
134321
129976
131556
131161
130766
140642
135506
122864
142618
156445
144198
146568
134321
150519
133531
144988
138272
139062
134321
129580
300247
248099
208198
203853
245729
192790
141037
142618
215704
190420
228346
563359
208988
145778
133926
129976
133531
135111
141037
137481
131555
127605
130371
127210
133531
131951
271013
211754
206223
213729
350025
1436051
1204544
459458
165926
160396
151309
154075
138667
138272
142618
464593
272198
250470
1723261
310124
157234
161975
142222
130765
141432
136297
140247
174222
141827
207803
283260
185284
160790
329482
210568
160790
137482
134322
173037
161185
307358
150519
135506
131951
131951
188840
166717
135506
233877
251655
150519
142222
139062
137481
139852
143803
146568
141828
144593
173828
212939
193185
190420
207803
208593
175407
598915
239408
149729
135902
158420
156444
154469
133926
136691
124839
152494
137482
132741
140247
139062
171852
148938
143407
145383
186470
204642
201482
226766
187259
155654
170666
146568
142618
128396
151309
136692
163556
142618
149334
144593
139457
160395
134321
134322
133926
130371
158025
161976
196741
152889
133926
141038
160395
14575424
458272
162371
139457
3370671
1794373
1333335
236247
166321
187260
192396
190815
167902
167507
165136
164346
162766
163951
828051
248494
809087
294321
229926
160396
135901
140642
151309
152098
134321
139062
182519
186469
147358
136692
135902
133136
144593
155259
290765
165136
149729
143803
150914
164741
161186
152099
150914
172642
146173
161185
138667
138272
144198
153679
148939
140247
156839
130370
141432
136297
121284
132346
128395
140642
163161
134321
141827
134321
141037
141827
205037
174617
167506
128001
129580
143012
131556
135111
132345
130765
131161
149729
128395
135901
133531
138272
141827
158815
122865
127210
133531
143407
129975
142618
126420
127605
138667
124445
133927
126420
136692
129581
127605
126024
164346
148148
189630
218074
156049
160790
159210
136297
423507
227951
734816
339358
187655
456692
741532
231112
149728
142617
143802
258765
144593
141432
139852
137482
155260
135901
139062
130371
146963
135901
148148
136296
144988
152494
128790
174618
138667
143408
148939
143408
134716
153284
141037
136297
131161
161976
130371
167111
138667
157234
122469
118914
137876
173827
129975
124840
135112
131161
145778
142618
160000
126815
116149
144198
121679
126815
137087
144198
153285
161581
161580
137877
122469
111407
115754
115358
115358
125630
120889
112593
112593
120494
130370
127605
156050
128395
150519
150519
130371
131951
115358
111012
112592
127210
124050
113383
129975
155260
128396
137086
116148
141433
123655
116149
124444
101531
120889
115359
114173
118519
98766
131556
160000
166716
149729
138667
164740
128790
157235
147358
219259
218469
380445
575211
746272
211359
136297
171457
136297
171457
184889
141827
154470
133136
133136
132345
198321
268248
162766
139457
148148
136296
180543
114568
124840
129186
110617
114568
116544
112593
115358
108642
113778
153679
103506
153284
137482
128001
124049
135111
146173
144988
167506
114963
127211
116938
120494
116543
160395
167111
163160
211753
237827
159210
138667
133136
162766
227556
135506
134321
131556
124050
340544
207408
163951
203852
225580
333432
258371
199111
134716
128000
133926
152099
141037
182519
130371
125630
131161
120493
151309
138667
116149
120099
115753
133136
142222
126024
117728
121284
132346
135506
152099
162765
146173
138272
169482
155654
164346
204642
132346
128791
126025
140642
143013
158815
156050
185680
192395
159210
158025
217285
232692
206223
166716
158815
160790
156050
176988
141827
131160
129975
132346
173037
161185
172247
343704
252445
151309
162765
167506
185679
170666
196741
161185
170667
184889
133926
138667
152889
151308
133531
152494
128790
133531
184889
345284
164741
170272
199111
213729
227556
207802
221235
345679
251260
229136
228741
230716
210173
205037
239408
240988
208198
149729
149334
168692
143408
144988
146173
145778
167112
154865
145383
170272
884940
412840
1017680
650273
230321
151308
168691
139062
139852
136691
164740
224790
167901
146173
135507
195951
181334
136692
146568
150124
144593
147754
183704
137877
142223
151309
427062
154469
137087
144593
141432
151704
127210
136691
144593
134321
139457
139457
339359
250469
191210
141037
140247
141432
123654
152494
197926
136692
132741
129185
133136
128395
147753
139457
131951
137482
170667
167111
154074
139852
129975
143802
130370
141432
132346
136297
133531
161581
290371
353186
306963
158420
137482
139852
122469
126815
130370
127210
153284
126815
112593
122864
114568
120099
110618
111803
109433
165531
136691
125234
112988
126420
111803
111408
109433
114568
112197
122074
114173
248099
212544
146963
408494
402963
242568
153284
133136
141827
196741
479605
656593
797630
197926
139852
146963
129580
135901
148939
112988
140247
119704
131161
125235
112198
114568
109827
111802
128000
166717
123259
152889
124050
159605
110617
102716
141432
120099
114173
114568
135506
138272
166321
111013
102321
139061
166716
135506
151309
103507
109827
139062
125630
125630
133136
159605
155260
153284
171062
129976
122864
120494
142618
148938
131951
128395
118519
128395
144197
139062
122469
179358
163951
121284
127605
139061
350420
158420
125630
119704
119704
122469
132346
111012
133531
128790
126814
125235
124445
126025
126815
118914
119309
109038
104296
128790
120099
119308
145778
116938
108642
109037
111012
106272
193580
167901
139062
108642
106272
133927
107457
109037
104691
103902
190815
119703
110222
104296
109038
107852
103901
120494
124840
107062
107062
147753
231506
166321
158420
172247
131160
127210
150913
126815
191210
143012
132741
143012
266272
223211
1499261
1616199
378470
169482
181729
131951
218864
130371
250075
132346
129975
152099
126815
140247
145383
122074
115753
117728
152889
162766
149334
126420
138667
146963
132741
118123
123655
146173
139852
172642
129185
140247
169482
131951
154864
137877
170272
139852
156445
138667
146173
167901
125630
150914
140247
165531
155655
141432
176198
130371
125235
122864
128791
126025
174223
134716
372939
249284
242963
148148
129976
155260
158815
128791
129976
118914
125235
119704
144198
129186
132741
146173
132346
133531
205432
191605
148543
119704
183704
128001
116148
115753
118124
111013
130766
131161
153679
137876
131556
112198
111803
111408
110617
145778
121284
117728
112592
112593
113778
120889
119704
120494
112988
110223
121679
154864
147358
113778
143407
156444
134321
423902
129580
118914
127210
112197
129185
115753
118124
121285
139062
125235
145778
143408
123259
268247
160790
144988
146173
126420
130371
115754
148938
107852
121284
113778
121679
118518
119704
116543
115358
122470
109432
125630
148148
143408
146568
174223
141432
139457
149334
131161
127210
280889
139457
125235
111012
116149
125235
126024
145778
122074
147753
154864
180938
163556
151704
119309
156445
155259
147753
269037
161185
146174
131951
120889
113778
131556
139457
117333
134321
113383
123260
134321
147358
141827
153284
146964
145383
156050
128791
165136
127210
124839
154074
204248
149334
140247
141038
130371
127210
132346
119308
146963
131951
117729
118519
121284
126025
127605
136297
128790
129185
143407
141827
165531
129975
119704
124840
151309
114568
123259
144592
139062
139062
166716
143802
167901
146963
153680
142222
150124
190420
135507
150124
283260
148543
163161
175013
142618
139457
143803
159210
122864
133926
132741
157235
139062
156840
135901
214914
186864
177382
326716
217284
1441186
406519
264296
196346
186864
191210
192395
181728
190025
197531
480396
840692
265087
330667
339753
249284
249679
202271
197136
199507
278124
213334
255606
212544
149334
131556
146568
132345
138667
149729
145778
164741
167507
158815
182124
149729
139852
137087
232692
243754
187260
143013
141433
178568
145778
143407
150914
137877
124445
139852
120494
134716
162370
123259
108642
116543
135902
132741
126025
109827
114173
145383
148543
128395
110618
122864
137087
126420
132346
126420
125630
129581
126025
189630
492247
154074
157629
203062
145383
137877
133531
138272
111803
138272
113778
112592
143012
108247
122864
158025
126420
117333
124050
124444
134716
131556
137877
111407
108643
162370
124049
126815
123260
126815
116544
122469
112197
131555
108247
116543
112197
126420
742717
200691
173432
207407
171457
221235
423112
292346
160000
122864
192791
198716
120494
175012
139457
129580
163950
102321
111803
109038
108642
193976
144988
110617
102321
166717
107062
115753
127210
156840
122075
149334
131161
116938
117333
145778
126815
137482
319211
180544
137877
146173
140642
162370
147753
154470
125235
125630
131161
128396
120494
135902
133136
124840
127210
131160
129185
153285
129975
129580
136692
139852
147358
156445
139062
145778
132346
126420
132741
133136
133531
139062
139852
141433
133531
144988
128395
154865
158420
127605
122074
152889
149333
124839
156445
114173
119704
152889
118124
153284
135901
116939
126420
118124
113383
111012
111012
108643
108247
116543
124049
135901
154470
108247
130371
109038
108247
165531
124049
252049
129580
117333
112988
109827
125234
185679
188839
407704
419556
164741
171062
143407
125235
190420
119308
132741
133136
126420
129975
126815
128395
128000
145383
135111
140247
128395
105482
103506
146963
152494
120099
113778
108642
154074
136692
148148
115753
133927
127210
109828
115358
143407
135506
130371
109828
111408
110617
113778
109037
111802
108642
107852
116939
106272
118124
129580
125630
138272
149729
144988
141038
126025
318025
136691
130765
135902
135506
101926
111407
161580
167506
125235
112987
128395
108247
113383
106667
113383
166716
113778
111802
130766
154865
151704
126814
142617
175407
141827
134717
131950
135901
183309
136296
151309
114173
107852
117729
150914
126419
114963
152889
124839
111012
109432
110223
111012
126024
138272
147358
112592
108642
112988
109828
107457
231902
143408
140642
150519
133136
152890
149334
128396
144198
132346
124840
130371
125630
128396
126025
128790
126815
119704
127210
126420
123259
134716
125630
146568
127606
115753
112197
111407
111408
114173
124840
114963
113383
106272
114173
112988
114173
112988
118519
116148
107852
113383
112593
112593
111803
109038
140247
127210
129186
124840
126815
148939
263507
159210
186074
136692
113383
139456
114173
112198
131556
102321
128000
129581
152889
111012
111802
111407
114963
150124
122470
113383
105877
113778
112593
111013
116148
137481
386766
129185
112592
109432
126419
137087
102321
111803
111013
111012
133531
153680
126420
167507
116543
122469
134322
127210
127605
120494
154470
125235
109037
108247
111012
124839
130765
138271
137876
129185
136691
107852
114173
134717
154469
162370
115358
111408
140642
140642
143408
135506
137877
134716
129975
116543
132346
204642
140247
160001
160790
139457
125630
118914
116149
156050
137481
148543
139852
111802
111407
107852
114173
108642
143803
165136
124444
109037
112593
124050
121679
114568
119704
115754
109037
112592
113778
107852
140248
105877
131556
110617
110222
112988
109827
107852
124049
125235
146173
144593
149729
126815
108247
121284
126815
106667
141037
117333
124049
111012
112592
113382
154469
142617
106271
113383
122469
125629
108642
108642
112988
106667
126420
127210
152099
124840
111803
109827
137086
129975
150123
148148
148939
136297
149334
163951
113778
106666
193185
128000
118519
109827
135506
124840
147753
154075
141432
117728
116939
115358
130766
128791
152889
120099
113383
108642
112592
124839
122074
115359
120099
114173
107062
137877
157235
122470
109828
125235
146173
125630
120889
111803
115358
137086
111407
128790
123655
154470
123655
113383
111408
136297
232692
129185
227160
167111
142222
145778
134716
143013
136692
148149
124050
125235
115754
162766
197136
156445
205037
209778
162370
162765
140642
152494
127210
133136
124049
164741
138272
152889
120889
131556
129185
113382
130370
147753
140247
138667
143013
114173
112197
118123
108642
114173
116543
113383
137087
139062
112198
112988
119309
107852
115358
110618
114568
114963
109432
115358
108247
114963
112593
114963
147753
109037
112197
1581829
182124
142222
146173
158025
178173
121284
151704
150914
112988
183308
135506
126420
112197
109432
112197
139457
163556
129186
195556
143013
157234
239012
135506
163160
171062
153285
225581
149729
136296
133531
431803
292346
232691
223605
148938
143803
141037
144987
150914
155260
300642
169877
141038
156840
143802
158420
148939
146173
134716
141433
120099
116149
174222
132741
107062
121679
127605
130371
161186
163556
130371
120494
170272
149333
161185
164740
168296
170272
150913
143012
133136
152494
141037
176988
269433
215704
155655
160000
139457
134321
190024
191605
136296
154470
251259
195951
213729
287210
222420
596939
572050
197136
162766
139457
161580
146568
280099
518717
174618
176988
255210
173828
148148
408890
377285
193186
307753
245729
158815
124050
141037
113383
114568
111012
111802
114963
107062
120099
128790
137087
145778
163950
142223
142222
146963
189629
188050
150518
141037
128001
296692
195556
380050
564544
243358
159605
137087
142618
166321
131951
121284
116938
119308
115358
177778
147359
126420
123655
114963
129581
140247
129975
120890
124049
130370
117728
139062
144198
136692
122074
122469
135902
140642
137877
131556
123259
158420
126420
193976
119704
146963
124445
127210
128791
193580
161580
147358
139852
135111
175802
139062
142618
137877
132741
127605
147753
132346
128396
134321
127210
126420
137877
144593
128790
123655
144198
138667
163160
127605
126025
127210
130766
160790
208593
420741
388741
177778
154074
133136
133531
137877
157235
151309
137877
134321
141432
151309
165926
127605
121284
139062
141828
144198
162371
135111
141037
120494
142617
153284
126025
165136
162766
144198
120889
421531
167901
129580
141828
130371
144197
112592
139062
141433
350816
724149
296297
260346
538075
170272
160790
124840
117333
141038
154864
113778
119309
106272
111408
106667
109827
107062
106667
150519
118124
111013
103901
109827
107456
109037
107062
111012
111013
103902
111012
105481
138272
122864
135506
119309
119704
133926
153284
201086
158815
180939
213729
205037
164345
148938
205037
194766
195161
195951
148148
170272
125234
143802
137877
125235
121679
120099
199111
200692
201482
195556
195555
193580
1952002
311704
221235
184890
137087
133136
179754
258766
209778
197926
201877
200297
3706869
176198
149729
126420
139457
126420
212544
231902
4553882
684247
208988
139852
128790
131161
125235
119704
272198
266667
232297
139852
136296
213333
7081095
564544
3930473
343704
2736201
1344397
465778
376889
249284
217679
2970078
216889
194370
189234
6431612
612741
2403953
2483361
355951
2097385
8228356
2044052
445235
257976
170667
142617
196741
871902
312889
221235
218470
300247
320395
335803
223210
188444
197531
188445
190815
186075
186865
195161
227951
4512796
2596348
238222
197531
185679
203457
184099
5506377
2908448
1664397
238618
181334
191210
157630
311704
233087
203457
946174
640396
498569
184889
127605
201087
208198
209778
181334
181333
195950
177383
152099
150518
218469
181729
184099
133926
143407
135111
122865
131556
134322
150124
148543
156444
130370
132346
151309
147359
158815
146173
146963
130370
172247
127605
130370
135111
119704
123259
132346
120099
126025
128000
119309
125630
113778
112593
122470
110222
120099
116543
121284
138667
154075
122469
125630
128000
125630
124840
152494
126815
136691
124839
123654
119308
139457
127605
131950
129185
120099
125629
148938
249679
216099
210568
201877
229531
217679
433384
265087
212939
152494
266667
204247
5175710
18451380
9601987
10380259
4997931
457877
153679
149729
493433
744297
221630
185680
4032400
453137
231112
1313582
318025
212938
220840
200297
211753
1803854
429828
231507
209778
244148
212148
14255030
359112
222815
199901
197532
253630
261136
327112
207803
199111
187260
1814126
1003063
395062
302618
306964
7594281
478816
342124
290370
270617
303407
269432
272197
287210
281285
292741
295901
287606
278914
285630
282469
311704
274173
272988
330272
269828
268642
292346
303803
182519
178963
188050
202272
186865
184494
195556
182123
182913
1467261
219259
206222
206222
200296
180938
177778
176988
176198
215704
2304003
296296
9754085
600890
340544
282865
301433
272988
214913
220050
261531
110222
114568
105086
113383
107062
124445
118519
126815
124050
157235
110222
107062
117334
159605
1668348
237433
218469
152494
126815
146173
121679
116543
122865
129185
114173
116939
115753
115753
121284
132346
133531
177778
145383
122074
120099
197926
192396
233482
759310
8164356
766816
8747862
16047821
521877
231901
206618
173432
1241285
350421
191210
180148
7210675
7214626
2236842
299853
202667
174223
169482
194766
168692
167111
1506372
207013
178568
622223
286025
222025
175012
167901
167112
166716
170271
214518
170667
171852
171062
163160
161580
176593
162766
171852
160790
3154177
397432
220445
213729
177383
1292248
380445
276543
136296
259951
140642
113778
112198
112988
113383
130371
114963
114173
112198
115358
111802
112988
123259
112988
116148
127605
116148
112593
111803
124445
111012
111802
111407
114568
114173
112197
122074
110222
113383
112988
112988
116149
113383
124445
107852
112592
108247
109037
109037
119704
125630
122074
116544
132741
337383
162765
259556
167111
146568
148148
137876
115358
126815
120494
117334
128791
111012
132346
116939
115753
902322
259161
124840
131951
110223
115358
110223
101531
102716
126420
114568
103506
199902
174223
168692
170667
368988
399803
511606
472495
303408
171852
553482
180148
162370
135111
118914
123654
137877
121679
129185
133926
119704
116938
118914
121284
117729
126025
128000
124444
121679
118914
122075
126420
132346
121680
183309
124050
140642
159605
139062
123655
119309
1086026
163950
147358
112198
118124
107852
111407
110223
130766
145778
107852
115358
107062
107457
127210
125630
132741
118124
106667
114568
111012
109037
112198
128395
101531
100346
124839
111407
109038
106667
112198
104296
99951
114173
110222
135507
153679
206617
120099
111012
171852
112198
107062
104296
120889
164346
139061
112593
122074
114173
139062
139852
129186
282075
172642
137087
136297
148544
145778
254420
285235
238618
152494
1665187
192395
155655
146963
117333
121284
114568
123259
116149
117729
130766
125235
117729
120099
115358
119704
116543
126815
117729
121284
115358
118124
116938
109432
137086
101136
112197
157629
141037
115358
128000
109037
107457
110618
104692
112593
109037
107456
109827
103111
104297
107852
101531
101926
260741
192395
157235
104297
96395
96001
98370
150518
126420
116543
109037
103901
105481
105877
115358
107062
93630
97581
121284
107062
114963
133926
101531
109037
105482
777878
182519
150914
109432
121284
97975
104297
103506
103111
101531
123259
101926
121679
102716
108642
107852
104691
105876
103901
110618
122865
101926
102321
104691
101531
105482
294321
189630
207803
182124
192000
180938
174617
235852
174618
171062
1201779
956841
245334
175012
191605
181334
190815
173037
163556
181729
166321
181333
164740
1241680
310519
180939
173432
171457
302223
312099
264692
203062
172642
193185
170667
193185
183704
173433
167901
165136
166321
160395
259556
186075
168296
112198
93630
93235
93235
112198
94815
97185
96395
114963
92050
89284
88494
87308
85729
88099
94025
88099
112198
94420
107456
110617
103112
104691
101926
167902
111407
93234
90074
89679
88889
88099
89679
88494
96000
90865
124445
146173
138667
228741
143407
142222
1278422
176592
133926
2441879
304198
139062
129185
130765
124839
130765
124445
123655
125235
130371
124444
122864
122865
124445
122469
122864
133136
124445
127605
122074
120889
122074
124445
129185
121680
125235
234667
160790
168691
138272
123654
122469
122865
25975734
429433
197531
188050
192791
184099
251654
227160
295901
984100
177383
203852
120099
116148
113778
135506
148149
190420
172247
119309
129185
112593
120889
126815
106272
797235
258371
150519
124839
116148
121679
111407
117728
106271
112988
105877
111803
127605
112592
101136
100741
146568
111802
117728
135901
106666
109432
109828
113778
112593
111013
150124
117729
104692
105087
114173
114173
147753
126025
107061
112197
112197
112987
116543
215308
123654
107457
119309
111407
113777
107852
119309
132741
111013
111013
111408
115753
111012
123260
109828
115753
114568
130371
116543
336988
118914
114568
118124
112593
111013
116148
140247
112592
105086
139456
114173
111013
121284
108247
140642
194766
166716
158024
295901
167901
118518
112987
110222
123259
111408
110618
116543
130371
124840
111013
116543
120099
569285
214124
176988
127210
152099
136691
112988
110222
101136
109432
100740
110222
109433
116148
106271
105481
111407
99160
108247
109037
110618
110618
104296
107457
109037
147753
186075
230321
159605
112198
103902
108247
105087
131556
107062
108642
108642
106667
107852
105086
124049
105086
104296
114963
107852
110618
111012
111013
121284
114568
106272
105086
110223
109432
109432
114173
122074
1014520
174222
111012
132346
120494
115753
135111
111012
116148
109828
130370
209778
237038
179753
129185
132346
131160
119308
114568
116939
116939
114963
128790
131161
135111
150914
154074
139062
134717
122074
175012
161580
198321
227161
184889
111407
139852
138667
114568
124445
112198
110223
119309
115358
114173
111408
118124
110222
114568
112593
116544
128000
113778
122074
122075
122074
111802
112987
116938
110617
114963
115753
195160
144988
180543
126025
1584595
385976
143803
167111
146173
160000
115753
114963
111012
109038
129185
110222
109827
117729
113383
111408
109828
120099
123259
108247
114963
110222
108247
109037
108642
114568
110222
109432
111013
110222
110617
107852
128395
108248
111012
120099
111408
115358
114173
133926
106667
521087
357927
241778
199902
211358
198321
183704
182518
180938
220049
179753
178964
181334
141037
1030322
190815
145778
212938
244148
148148
140642
111012
109827
106272
121679
109827
107062
109432
104297
105482
110618
112198
110222
104691
104296
116149
109432
103901
103902
110222
109037
104692
107062
110618
129976
101531
118124
109828
99951
105086
109432
113383
110222
99556
117334
102321
125234
192790
186469
193581
186469
373729
875063
507655
148939
539260
254420
130371
157630
736001
302222
384395
226370
184889
177778
197136
186074
240198
199506
376494
4593783
432988
225975
184099
180939
205037
198716
176988
187655
188050
2630720
261136
443260
247704
197532
188445
914569
167506
142617
186074
159605
139062
116938
122469
113777
152889
145383
114173
118914
169482
135902
138272
112988
111803
118124
114173
126419
114568
107457
136691
113383
116148
116939
147753
111802
115358
108642
108642
115358
144197
128000
116149
111408
107062
112593
102321
120889
248494
144988
188839
162765
107852
137877
118914
874668
130370
137482
156840
215704
124445
112988
111408
137087
169877
124050
110223
110617
111802
114568
104297
140247
166322
117334
120889
117729
118914
118519
111012
148544
112198
114964
109827
114963
107852
100345
152889
134716
125234
122074
112593
101136
115753
120099
110222
121679
206222
185284
202667
177778
178963
1081681
10341543
437729
771952
3841190
301038
257976
185284
178963
172247
172247
176988
178173
2955066
528593
220050
197531
173432
169087
184889
178963
1044149
332643
186074
183309
170272
167506
175012
167111
171457
167506
168692
172642
2512990
252839
188049
180543
173432
176593
176988
170666
180938
182914
752594
297482
185284
182914
173828
170272
174223
169877
165926
178173
175408
975804
200296
173432
174223
176593
184889
328297
235457
261531
204643
364247
283259
267457
328296
182519
169482
192790
199111
173038
178173
177383
264296
186074
196346
1776199
174222
139852
126815
111803
117729
109037
115358
109828
134716
101926
110222
109037
110223
111012
111012
112197
127605
207013
212544
129580
109827
126420
109037
125630
109433
178173
177383
1017285
207408
2302422
301433
217680
206618
172642
176987
172642
170667
276544
190025
167507
167507
168296
677531
205827
202667
736396
1897089
237828
151309
113778
114568
113778
114173
113382
117333
146963
138272
120099
112988
116148
111802
117728
108247
111803
111803
111012
110222
110617
137482
111802
111803
110618
111803
111803
111408
111408
132346
161186
108247
111803
112593
111408
118914
114173
115358
116939
139062
118914
113383
126420
108642
112592
119704
120494
108643
110222
111802
116148
135507
109827
106666
217679
133927
124445
109433
111803
111803
110617
112592
122469
120494
109432
109433
112593
114568
110222
110223
120889
198717
183309
182124
127210
120889
111408
122074
118913
168691
113383
109432
118913
133136
108247
102321
111802
111012
109037
128395
110617
109827
111803
114173
115753
112593
120099
111012
111803
109038
108247
108643
113383
109827
112592
108247
107852
105481
108642
107062
109828
138667
110223
171457
107852
117333
105086
100741
99555
103111
109037
101531
100346
103901
199901
113382
194370
508840
412840
343704
206222
666075
171852
131556
101531
104296
109037
144988
130371
213334
172247
169876
120494
131951
107457
112987
117728
111407
106666
108642
110618
107852
395853
116544
130765
160790
109827
106272
106271
112592
107852
127210
102321
110222
106667
110222
105481
110222
129186
138667
119704
109037
127210
177383
227556
157235
129976
137086
183309
235062
125235
114173
139852
157630
137482
161581
114173
108643
117333
114173
108247
112592
160000
116939
113383
127606
156445
143013
219654
130765
135111
109827
127606
92840
194370
118914
101926
121284
116148
124839
124049
200296
156839
171457
168692
216099
102321
114568
112593
114963
107062
107062
110618
105087
102716
161185
96395
97185
95605
125630
116543
99160
103901
116149
114173
105877
112593
114963
104297
107852
103902
104296
112592
129580
99161
103507
101136
121285
110617
110617
114964
152099
112198
111013
109037
111802
111012
109828
129976
111407
111012
94419
226765
120889
186470
138667
232692
167901
97976
115753
124445
117728
98370
109432
176988
118123
125234
108642
124445
155260
403753
178173
166716
160000
157630
766816
239407
191210
291161
160000
111408
135111
191605
263902
299853
150124
122074
132346
122469
202272
135506
118518
109827
108247
104296
114964
115753
128395
105482
114568
107457
102716
105482
109828
133926
104692
111013
108643
105482
99161
106667
108642
101531
110222
163161
101927
107457
105482
158815
160001
107852
118519
108642
108247
110618
112198
153679
109828
119704
104297
297482
325532
304988
147753
126815
112593
1137779
254025
175802
110222
122864
109828
110618
109432
102717
126420
122074
143802
190025
189235
177778
254025
190420
105482
111408
128395
121679
193580
110618
110618
109037
107852
109432
107457
250074
191210
109432
107062
109432
118518
108247
109037
110617
111012
118518
130765
135901
128396
109037
111012
100741
101136
97976
99161
111407
105086
103506
109433
109827
135111
111013
128395
112197
103111
106272
123655
111803
111408
129581
105482
105877
111013
111408
108642
107062
465383
224001
221630
153284
100346
114963
112593
110222
152889
153284
130371
139062
125630
126024
105481
107457
114568
100346
102321
102716
108247
103111
100345
107852
124050
103111
111407
111012
105877
111408
111013
120889
108642
109827
110618
106667
108642
109827
122470
110617
175802
333432
125630
113383
350816
528593
175803
190420
160396
416000
333038
114568
164346
111012
113383
111012
124840
195160
316444
120099
110618
106272
135901
455507
178963
157235
135902
114568
118913
104691
108247
101926
103902
102321
108642
103111
104296
149334
100741
102716
97975
125235
108642
108642
109827
110618
102321
118123
113382
122864
122074
254815
212148
119309
139062
111013
108247
114568
114173
111408
112198
155655
120099
109037
108642
110222
127605
130370
108642
102716
112197
107457
108642
107852
107852
117729
108642
114963
111803
111012
130370
232297
191605
174222
139062
126815
181728
126024
119704
105087
107852
109432
105877
109828
105876
113778
115753
133926
106272
201877
122470
105482
107062
107457
108247
106272
103111
150123
107457
104692
96395
101926
101531
102716
100741
104692
130371
209778
103506
102321
94420
94815
96000
97185
97976
129185
153679
147359
128395
148939
309729
348050
356741
143012
136691
172642
375704
153679
107457
127210
109432
98765
99555
99555
98765
99161
98766
121680
98765
99555
103901
107852
105877
102716
101531
119309
117728
106667
114173
105482
106272
107457
111802
108247
106667
105482
101531
139457
126420
106667
101926
93630
107457
96000
93629
95605
93630
135507
177383
164741
155655
170272
117729
130766
114568
111407
114963
165136
184890
176593
162371
164741
160395
161185
176198
158420
237827
166322
232297
163951
176593
122469
110222
107457
103506
97976
105877
98371
104692
98370
110617
100740
97185
103111
98371
109827
99160
107061
97185
109828
112593
105877
106272
96790
106667
96790
106272
99160
106666
111407
104691
96791
105086
97185
105087
96000
105482
101136
108247
99555
131160
114568
158025
132741
111012
131555
504099
152494
103112
110222
128790
805532
294321
210173
112988
111013
109037
111407
117333
102322
116148
105086
113778
104296
111408
105877
111803
107852
106272
105877
105482
112988
103112
111012
106271
112593
103901
104691
109038
106667
104692
109827
111013
104297
101531
106667
112987
103506
110222
131160
109827
106272
104692
108642
103111
105087
129186
107062
115358
113778
115753
110617
119703
137876
110617
97186
105482
109432
98765
105876
109432
111012
109038
99951
113778
107852
99555
105481
115358
104692
100346
109828
97976
114173
114173
106271
115358
105482
188445
144593
213729
145383
127605
110222
103902
95210
108247
99951
120494
108642
109827
115753
108642
102321
133926
107062
111803
104297
109827
108642
132741
114568
113383
127605
111012
114173
113778
103111
107852
111408
106667
112988
101926
91259
89284
91259
88494
88889
88494
103901
89284
89284
88494
88889
88494
88494
102716
94420
90864
88494
88889
97580
124444
117728
108247
102321
241383
393877
176988
108247
122074
110617
106272
238618
368593
339359
406519
127605
102321
210568
390322
156445
114964
100741
106667
119308
101926
103902
103901
99555
99950
103506
93630
116148
96790
110618
111012
97975
111012
123655
110618
119309
118914
93630
91654
89284
88099
117334
139062
111803
103506
126815
117729
117334
144198
95605
104296
104297
144593
112593
124049
97581
102321
111012
107456
104296
105086
90470
136297
90074
108247
104692
117333
103901
90865
90865
130766
118519
104691
106667
104296
117728
103901
90075
90469
120889
128000
103901
103902
131556
90469
90469
90469
119704
118914
115754
118519
127605
92840
92444
93234
96790
99555
110222
109038
92445
90864
130765
137086
133532
105482
90074
88889
89679
137877
104297
92840
90469
104296
103506
117729
144593
132741
132345
131160
131160
90469
90865
103901
90074
90470
126025
99161
184494
126815
116543
131556
128000
114568
139457
115358
120889
112593
125235
124840
108643
90469
176593
333432
226766
509235
181729
355161
114568
103111
135506
116938
91260
91260
104296
94025
131556
120494
93235
104297
90864
90469
118123
90469
103902
107062
119704
91260
104297
94025
110618
99161
94420
103506
96000
100346
98371
97976
127210
103112
94420
103902
92445
93234
106272
112988
118914
113383
103902
115753
102716
99951
102321
102321
101531
102717
99951
97976
91259
90469
90469
90864
90470
90469
89679
94025
136692
108642
112593
110222
112592
146568
373729
158815
114568
110617
109433
118914
118519
112988
111803
106667
106272
114568
212148
163950
154469
156840
158420
172247
158025
159605
157630
160395
161186
158025
107852
119704
108642
100741
105876
135506
105087
111013
107457
102321
98370
99160
99951
112593
100741
169482
97976
96395
141828
175013
171852
982125
315655
223210
125235
136297
135902
119309
111408
109037
104691
99161
102717
107852
105877
109037
115753
156050
105876
117728
114963
109827
96790
101136
99950
93629
131555
173037
151704
128000
134717
101531
101926
103506
100741
106271
98370
103901
93235
93235
94419
90864
92839
99160
101136
107062
94025
94815
92444
92049
92445
91260
92840
97186
103506
92840
92840
92050
92444
91654
91259
94024
95210
102716
122075
111012
146568
112198
109037
96790
101531
108247
112987
102321
100346
99950
100345
101136
118124
106667
108247
112197
96790
92444
100741
103506
125235
95605
90469
95210
105876
103901
102716
105482
98765
101926
92445
92839
92444
92444
142222
91259
96000
92445
92840
93630
92840
92445
91260
92445
105482
105877
93630
101926
94420
96000
96000
109037
127605
122074
414815
133136
104297
111013
101531
101136
105482
100346
100345
99160
100346
102716
111802
97185
99951
101136
105481
101531
99951
101136
99951
291160
254815
244939
196346
348445
291556
578766
686618
813038
400198
220445
162766
138272
125630
116148
113778
113778
114568
116543
122470
116148
109037
114173
112593
112198
115358
112987
144988
136296
456692
183309
116544
181334
110223
125630
112198
144593
141038
227161
112198
114568
110617
115754
108247
130371
131951
129580
111802
107061
122864
105086
96790
93630
92445
92840
92840
96000
94815
116938
126815
124445
106667
152494
113777
139457
116148
119309
109827
108247
107852
107457
112592
106272
97580
92840
98765
90469
89680
88494
96000
97581
91260
102716
106667
92445
92840
96000
92444
94025
97185
100741
104691
110617
94815
137086
93629
107061
105481
104691
99555
98370
98766
101136
98370
105877
96790
92840
92445
92840
92445
93630
91655
94025
113383
124839
201482
177778
96395
105481
105087
171457
192790
261927
211359
139062
160001
126815
374914
240988
95605
100741
101926
119704
231902
111408
111013
124050
114963
109433
124050
123655
123259
110222
110618
110618
110617
118913
111802
123654
123654
123260
110618
110222
110617
100345
96395
94420
105087
112593
96791
91259
95210
89679
89679
92049
96395
105087
112593
94420
105482
95210
98765
96000
108642
104692
122075
293926
174617
122470
109827
111407
149728
144197
150123
105086
110222
103507
93630
92049
113778
97976
113778
129186
112988
99951
112198
117729
119704
102717
114568
127210
113778
114173
119704
101531
99556
116148
126815
112988
126025
113383
114963
114963
112197
169481
110617
96791
93235
109037
100741
107062
96000
101136
93629
94420
100741
109827
93630
141827
103901
112988
110223
111803
207013
391111
160000
154075
771161
184494
122470
202667
1049285
900347
226370
119309
177383
482766
128790
107852
105087
103507
105877
104691
96000
103112
96790
101531
104691
105876
101926
94815
105877
94420
103112
103111
93234
108247
103506
96000
103506
103111
104297
94025
98766
104297
104296
104296
109433
199111
186469
138666
168691
120099
116939
148938
119309
282074
186074
187259
142223
157630
173828
106272
109432
122469
160001
113383
104692
102716
99555
111802
94814
109037
121284
135111
11