67126203
5877735
10759124
6776897
2593188
1987558
2116348
3048300
2093435
1720101
2650868
2095015
2332447
2083163
2683262
2622028
2238027
2278719
2465188
2383805
2098175
2129385
2021533
2582126
2518521
2064595
2106471
2666275
2275163
2223805
2315064
2371558
2464793
2160200
2169682
1891952
2618867
2117533
2113583
2067360
1914471
1961484
2181533
1944891
1890768
1824397
1908941
1737878
2061040
2023903
1955953
2230521
2386175
2152694
2178768
2532349
2283855
2066175
1994274
1841385
1884052
1716546
2136101
2438324
3106374
2500744
2436349
2209978
2267657
2035360
2281879
2209978
6619662
2467954
3711609
2592399
5396945
2892251
2151508
1965434
2392497
2211163
4473684
6313884
1630026
1759607
1697187
2149928
3732547
1469237
1590915
1612249
2121879
2358916
8087318
17806639
1707459
1671509
1836644
1454619
1524545
2459262
3233585
1365335
1268150
2301632
1642669
3653930
4877042
1659657
1644644
1927113
2017977
2119904
2356151
3545289
4477635
1822422
2114768
1645434
1658866
1606717
1620545
3026966
1652150
1424200
1698768
3148646
1641484
1609878
1874175
3908746
2332447
1477532
1683360
1501236
1549434
1763163
1617780
2375114
1674273
1714175
1895508
2366027
2420546
2070126
1914472
3306275
2695904
2371953
2822325
2138077
1757631
1740249
2160595
1740249
2035360
1769484
1668348
1514273
1639113
1699557
1598816
1615014
1889188
1584595
1605138
1965435
1616595
2046817
1677434
1680199
1635952
1658471
1722866
1589335
1550619
1449878
1561286
1682175
1560496
1379162
1538767
1758027
2168891
1970965
1860743
1529285
1573138
1306076
1263014
4540845
1854422
3231214
2017582
1694027
1607508
1593286
1614619
1812151
1507162
1473977
1662421
1522570
1349138
1540743
2255410
1543508
1648595
7388058
1560100
1331359
1434076
1489384
1621730
2035756
2067756
1901435
1801484
1276446
1462520
1637928
1290274
1423804
1650965
1454224
1788052
1457385
2556052
1670323
1438421
1396940
1258273
2351410
2200496
1793187
1509533
8766430
1379557
1624891
2405534
1539162
1434471
1797928
3516053
1708249
2014422
2282669
2081188
1679410
1803854
3045534
3422424
3226473
2540250
7143910
5700352
1805830
2214324
1634767
1551804
1702323
1632792
2360892
2191015
1663606
1585780
1556940
1670323
2219855
2972053
2562374
1610274
1365730
1557730
1286718
1138174
1047705
1042569
1061532
1058371
1200989
3368695
1130272
1052051
1037433
1042965
1201779
1150816
1525730
1260248
1327804
2234472
1458965
1232989
1347952
1385483
1398916
1230223
1204939
1167409
1391014
1315558
1440791
1542717
1421039
1315952
1141730
1138964
1103804
1200989
1317532
1305681
1203754
1334915
1539952
1215607
1199408
1910125
1743410
1307261
1200199
1154371
1445533
1571952
3337090
1492150
1421434
1700348
1445138
1346767
1679409
1505187
1854027
2194965
1504397
1934225
2293731
2492052
1609088
1637928
1804644
1744200
1720496
1870619
1714174
5266969
2301237
1691261
2308744
2184299
1869830
1756446
2590818
2154274
3587955
1847311
1913287
1620940
2172447
1619755
2330472
1556546
1739459
2267657
2688398
2079212
2093830
6610181
2093434
1821236
1755261
1618175
1676644
1691262
1763558
1831113
1856793
1752101
1760397
1823608
2060250
3174720
2543015
3462325
2064200
2577386
1672298
6387365
3119016
3806424
1630027
1699163
1898274
1506767
1906965
2036941
1628841
1583409
1899064
1530076
1716546
1768298
1582619
2058669
1860347
1435261
1875755
1728397
1612644
2072102
1451063
2141633
1526915
1818472
1924348
1502421
1686125
1570372
1614619
1375607
1741434
1658076
1325433
1216001
1560101
1867459
1411557
1539162
1554175
1411952
1236544
1332940
1285533
1177680
1412742
2025879
1511508
1455804
1351508
1301730
1343607
1475162
1516249
1396149
1310026
1280397
1711014
2299657
1609878
1310421
1294224
1271310
1310816
1375607
1413137
1593285
1303705
1129088
1807410
1906175
1698373
2259361
1437632
1351508
1358224
1423804
1364545
3350127
7072799
3771658
1940150
1846125
1798718
2993387
2299657
2177188
2396052
2264496
2872497
2522472
1445927
1331754
1479508
1463706
1202964
1386669
1636348
1516249
2674176
2777682
3870819
1562471
1790027
1918027
1137384
1010569
1023211
1067063
1069829
2078423
2308349
1157532
1009384
1116446
1401285
1326224
1185186
1322273
1143310
1562471
23006842
1570767
1282767
1120791
1156742
1114866
1426174
1391014
1326619
1224692
1300149
1335705
1124742
1122372
1169384
1065483
1033878
1147261
1633582
1950422
1283557
1099853
1166223
1554570
1673483
1070224
1036249
1133434
1083656
1247211
1365335
1336100
1165039
1124743
1170175
1278422
1632397
1662817
1116446
1101039
1020840
971063
1281977
1323853
1081680
1161088
1315162
1165039
1138570
1164249
1259854
1601187
1142125
1058372
1092347
1026371
966717
1033877
1022816
1345582
1362175
1496495
1447113
2098966
1485434
1345187
1264199
1378767
1050076
1015310
1025581
1431705
1180841
1067458
3178671
2279114
2471509
1245631
1614619
2104496
1404446
1766323
1560891
1793187
2172052
1617780
1569977
2389731
2182718
2555262
1940151
1868644
1774224
1628052
1568792
1568002
1670323
1534816
1589335
1818867
1948447
2032200
2016398
1421829
1374421
1187952
1348347
1456595
1472792
1387063
1300940
1362965
1355063
1552989
1312791
1275260
1328200
1267360
1717730
1451458
1566816
1420643
1344001
1252743
1407606
1475952
1542718
1701138
2816793
2032990
1835064
1284347
1369286
1353878
1478718
1349137
1223508
1265779
1563656
1502816
1981632
1582224
1510323
1283557
1349138
1424199
2026669
1565632
1566817
1425779
1427754
1360990
1575903
2107262
1469236
1430915
2609385
1839805
2167706
1567212
6108452
5743809
2539855
2360496
1846126
1679014
1635952
1271706
1348348
9147270
2451361
1808989
2251064
1201780
1090767
2456496
1834669
1132643
1077730
973434
974224
1008594
977383
944594
990816
1023606
1184791
1107754
1286717
2819954
1643854
1018865
1345977
1562866
1640693
2375114
1793187
1808199
1699558
1643064
2090274
2449781
1616200
1457384
2270817
1643853
1924743
2520102
1832694
1434866
1504001
1760397
1086026
1133039
1098273
2051558
1648990
2812843
2347460
1042964
1013334
1142915
1131853
1150816
997927
969878
910618
983310
993977
1091951
1985583
1517829
1435261
1069433
1314767
1265384
1194668
1168594
1311606
1219557
1052446
1058767
1010569
1712595
1110915
1045729
1039804
1043754
1108544
1217186
1327804
1322668
1449879
1513088
1291063
1107359
3849486
22191433
2507855
1876941
1472792
1438421
3006087118
2253435
1279211
1139360
1103014
2040496
1129878
1231409
1481088
1297384
2703806
1715755
1099458
1242076
1456594
1328989
1844940
1553385
1969780
1538768
1473977
1324643
1109730
1081680
1196248
1443162
1227853
1451853
1427360
1551409
1570767
1445138
1376001
1250767
1456199
1401285
1484249
1131853
1105384
1003853
928791
1046915
1435656
1621335
1076940
1202569
1218767
1220742
1189532
1082075
1240890
1569187
1063507
1014915
1100644
1039804
1087211
1386669
1640298
1179656
1354668
1376792
1372052
1480298
1710619
1697977
1871410
1889188
1998620
2158620
1746175
1524150
2610966
1635558
1821237
1318323
1464891
1711804
1479113
1432100
1564446
1552989
1220742
1345977
1280001
1357039
1149631
1037038
981729
1138569
1219557
1021631
1046520
1019260
1050470
1161088
1015705
995557
2009286
1221533
1161483
1298174
1052051
1274075
1131458
1048495
955655
971063
1050076
1108545
1100643
1035458
1231409
1327014
1270125
1726421
1713780
2166126
1481878
1349138
1414718
1206125
10608211
2396842
1555360
1626076
1620150
1418668
1295014
1545878
1617780
1085631
1163063
2094224
2023113
1148841
1351113
1694422
1426964
1316743
1211656
1749731
1715360
2262521
1537977
1505582
1648200
1391409
1108544
1152002
1240101
1035853
924051
958026
923655
981335
1439212
2335213
1355458
984495
1005828
963951
964347
975013
993976
1230223
1444347
1125533
1025187
1107359
1356643
2403559
1090767
1012545
1069434
1232989
995556
977779
929582
1147656
1168594
1179261
1164248
1304495
1386273
1265779
1048100
1123952
1184002
979754
1712595
1238125
1086816
984100
1028742
1261039
966718
930767
1029137
1353878
1739064
3114670
1996249
1681385
1483854
1486224
1566026
1556150
1982422
2556448
2622423
2198916
1597632
1539952
1331360
1754076
2045633
1660842
1418668
1422619
1525731
1728002
1753681
1548248
1621731
1408792
1620546
1780545
1215211
1097878
1045730
1308841
1352693
1637533
1335705
1169384
1119607
1277631
1039804
1263409
2682868
1131853
1041384
1105779
1483459
1157532
1037038
974618
912594
912199
1317928
1123557
2256990
1520989
1997435
1872989
1549434
1621731
1614224
16614736
5929883
1897088
1415508
1533236
1647015
1626472
1694817
1272891
998322
953285
907853
1134618
1741434
1066273
914569
1300545
1289483
1509928
1374422
1187557
1847311
1073384
1070618
1057582
984100
1897879
2147953
1123952
991606
954076
1533236
1500841
1723656
1347557
1102223
976594
992001
1200594
1697978
1420249
1496100
1056792
1001087
1086816
1191112
1222718
1355459
1351903
1615410
1429335
1795952
1031507
932742
946965
930372
1115261
1071409
1278421
1537187
1511903
1372051
1375211
1419458
2192990
1967410
1139359
963162
949729
895606
1127507
1302125
1492150
1912497
1509928
1271310
1994274
2024299
2100151
1856792
3007214
1116841
971063
922470
958421
1045730
1725236
1261038
1030717
1147656
1152001
1131063
1394965
1349138
1488199
1507558
1453039
1253138
1619360
1483458
1511113
1479508
1143310
1095508
1133433
1277631
1300940
1286323
1295804
2282275
1593285
1838620
1351903
1261433
1222718
1440397
1253138
1151211
1375211
1493335
1425779
1639903
1460940
1517434
1421039
1289483
1438422
1413138
3538967
1691656
1108940
1122371
1193088
1334125
1331360
1490569
1370075
1309631
1480693
1370075
1272100
1257483
1362570
1246422
1328594
1170174
1251952
1625286
1695607
1381532
1477138
1507162
1152792
1185186
1121187
1117236
1304495
1428940
1333730
1225088
1145285
1268940
1335310
1201384
1274471
1387853
1299359
1209285
1288693
1264199
1319112
1263014
1899855
1255903
1236149
1184396
1073779
1176890
1245236
1370075
1621335
1160693
1979262
1721286
1391014
1431705
1334520
1383113
1308446
1148446
1202964
1351113
1415113
1826373
2784398
1599607
2093830
1671508
1326619
1352693
1482669
1131853
1259064
1245236
1786866
2793090
5067463
1636743
2695905
2047212
1823212
1990719
4596549
1979656
1649780
2277139
1667952
2292151
2659163
1935410
1288298
1325039
1359014
1336495
1251952
1390619
1217582
1490965
1632792
3382523
2174422
1301335
1284743
1042174
970273
999112
1455804
1193483
1068643
1972546
1655310
1020446
1118421
1103803
1200199
1003458
930767
947754
919310
910618
882173
933137
933137
896001
1248001
2758719
1973731
992396
986866
941433
939063
945383
1022026
1090372
988446
944199
957235
911408
1021631
1626471
1259854
1224298
934717
1035458
1175705
1634767
1377977
1599212
1712200
1530076
2186669
4550722
1636743
1130668
946964
970667
882174
851359
950125
940643
950915
1126717
3284942
1817286
1084051
1180051
1298964
1099458
1113680
1060346
986075
954865
903507
930371
996347
1038618
1954372
2299262
1208100
943408
1630422
1059557
1155162
1026371
1382323
1331360
1317137
3182226
1628051
1460150
1731953
1316742
1281581
1229038
1184792
1115261
1077730
996742
1817681
1589335
1131063
1002668
990026
1042965
1314372
1129878
1139360
1064692
922471
951310
946569
923656
1052446
1761978
3017880
1280792
1217582
1312397
1285927
1509928
1792792
1951607
1707853
1794373
1963460
1718916
1964645
1804644
2744497
1965830
2644546
2219459
1972941
1712989
1370866
2400398
1540347
1302125
1357039
1567212
1320298
1995064
1982422
1023606
1006223
980545
948545
908643
953680
874668
921285
1103409
1003853
1075755
933531
1121582
1023211
967902
876643
901532
1140545
2063805
1168594
1385088
1266964
1146865
1251952
1193483
1415507
1585780
1373236
1220347
1184397
1060742
1033483
1183211
1224298
1162273
1146075
1470816
1096692
1226273
1394175
1979261
1617384
1326224
1283162
1251162
1328989
1231409
1329779
1367310
1319508
1219162
1296199
1328989
1394569
1546668
1343606
1299754
1399706
1433681
1456990
1620546
1646224
1443557
1454224
1242865
1186372
1272891
1249582
1287903
1327014
1441187
1412743
1267360
1339260
2406324
1420248
1524545
1383508
1412742
1421433
1295014
1413928
1674669
1478718
1327013
1246421
1518224
1095507
1157532
1308051
1172150
1544693
1563657
1199804
1132643
1152396
1634373
1289088
2933732
1603558
1187162
1122767
1190322
1257088
1202570
1648989
1241286
1191112
1088791
1059952
1470421
1755261
2123854
1441977
2770176
1388249
1400101
1437632
1466471
1786866
2647312
2755558
6765835
1764348
4845042
2207608
2239608
2366818
2609386
2482175
1614224
1317533
1677434
4070325
1421039
1248002
1166618
1010569
999112
1015705
1010569
1030717
1002273
942223
1727606
1700743
942223
915359
1169779
1006619
1108939
956446
972248
1008198
1040593
1745780
1156742
1574718
1502421
1528496
1342421
1203754
1230619
1341237
1475162
1313581
1180446
1270915
1759607
1840990
3008399
1116446
1037038
1004643
999902
1055606
1185186
1298174
1244051
1300545
1080495
1415113
1946471
1513484
1290669
1244841
1504792
1326223
1403656
1098273
1387064
1259853
2482176
2904103
1285533
1186372
1231409
1372051
1184396
1156742
1433286
1384693
1306076
1214421
1401286
1320693
1266175
1336495
1168989
1332149
1186767
1230619
1246816
1261828
1413137
1626471
1250372
1246026
1125927
1129088
1211261
1275656
1232989
1301334
1242866
1232199
1220742
1352693
1258273
1408002
1426570
1197828
1295804
1220348
2271212
1279606
1279606
1730373
1520199
1451458
1274471
1438422
1438816
1392594
1407606
1304100
1290273
1296594
1276446
1249186
1203360
1419064
1766718
4277734
2242768
1874175
1687706
2007311
1805435
2302818
3832498
1585779
2566719
1571162
2246719
1721681
1414718
1467261
1462520
2353780
1492150
1409977
1394965
1609879
1391804
1665187
1646224
1454224
1463310
2250275
1565632
4888895
1523755
1821632
1016100
990025
1808990
1390224
2059854
2131361
1119607
930767
901137
888495
879804
1319507
1129878
988051
1090372
1108150
1281186
1185187
1830323
1261434
1111705
1060347
934717
1081680
1035458
1049680
1217187
1004248
1823607
1484643
1460150
1277236
1542718
1670718
1536792
1851262
1179261
1052050
985285
956051
928001
956051
958816
980544
2201287
2152694
1812941
1086816
943803
884939
1248397
1282767
1048100
974619
986075
1012939
1097878
1209285
2775312
1590916
1136199
978174
1014125
1051260
965928
1103014
1338471
1328199
1242865
1046125
1385878
1552989
1001878
892050
995556
1271310
1377187
1475162
1946867
1232595
1300150
1135013
2421731
2416201
2167311
1041384
984890
974223
1078915
1057581
950125
927606
932347
990026
1176496
1247212
2233287
2277533
1066668
928791
1009779
959606
1162273
1486619
2373138
2220249
2801386
1960694
1624496
1559705
1513878
1861138
1505187
2169682
2153484
2365632
2121879
1661632
1376001
1438422
1380742
1634767
1896299
1356644
1692052
2520101
2013632
1818866
1687310
1507558
1205335
1177681
1316348
1214026
1334125
1225088
1076939
1103804
1141335
1287113
1313187
1231804
1249977
1158718
1342026
1113681
1157927
1261828
1461730
1263804
1324249
1239311
1327014
1377187
1403261
1461335
1447508
1267359
1240100
1167409
1263804
1155162
1384298
1400496
1303311
1339656
1288297
1293038
1257483
2720793
1466076
1468446
1406422
1398520
1320693
1416298
1472002
1333335
1342026
2462818
1276841
1165038
1063113
1720891
1513088
1187952
1071014
1066273
1136198
1072989
1163458
1901830
1388644
1251557
1166224
1333335
1724052
1825978
1409976
1112100
1170569
1434470
1167804
1189532
1248001
1368496
1320297
1363359
1692842
2181929
1452644
1277631
1268939
1406421
1200594
1086026
1401680
1295804
1311212
1718125
5985587
3638127
1371656
1217186
1396149
1552594
1314767
2732250
2157040
1518619
1249582
1163854
1163458
1294619
1313581
1461335
1423804
2117138
2148743
3099658
1575903
1670718
1697977
1709434
2906867
2134917
1992299
1542718
1869829
1393779
1518224
1392594
2780447
1636743
1717336
1778965
1575113
2814818
1510717
1814915
1392594
1403261
1377582
1149631
1452643
2554472
1624495
1226273
1268545
1147656
1386669
1106964
1206125
1249581
1330964
1142125
2403953
1362570
1231014
1295409
1066273
1166224
1046125
1353878
1379952
1241681
1083656
1070619
1042174
1331360
1280792
1256298
1350322
1150421
1056001
1135804
1305286
1121977
1135804
1290668
1305285
1156742
1416693
1194668
1288298
1295014
1378372
2747262
1632792
1479508
1438422
1609089
1507952
3557535
1480693
1324248
1549434
1681780
2633089
1618175
1420644
1558125
2429633
2209187
1550620
4725734
1644249
1722471
1460940
2102126
2339559
2004941
8463417
1515854
1923953
3702128
1462520
1430520
1511903
1270520
1470026
1408792
1098273
1152396
1353878
1545878
2260546
1496891
1263804
1233384
1221927
1409977
1455410
1252347
1405236
1545483
2308348
2103706
1536792
1431311
1456199
1552594
1704694
2061435
2070126
1946867
1440397
2281484
1831113
1675063
1560101
1728002
1187952
1294223
1147260
994767
1178075
946569
952495
937482
988841
926816
921680
1040988
1118026
1076544
1234174
1329779
1765533
1675853
1236149
1153977
1032693
1084050
964347
914964
902322
894026
1579854
950520
911409
1325039
1095113
1037038
911013
900347
918915
888889
917729
937088
907853
1117631
1152791
1296594
963557
895211
913384
975409
1159507
939458
952100
1049285
1069038
971853
948149
920890
889680
912198
948150
889285
1005433
1092347
1094322
1067458
1031903
1061532
1016100
1088792
922470
937878
969877
1222323
1163063
1089187
1245236
1204150
1055606
996742
994766
1472792
1176495
951310
965927
902717
888890
890865
919310
1018866
1225483
1194668
1483854
1124742
1146076
1308051
3099263
1475557
1756447
1344792
1105779
1005038
956446
1562076
1030322
948149
1352693
966718
1012939
1883656
1502027
970273
1125927
1289483
1156743
986471
965927
892446
931557
898372
891655
892050
1790027
1212841
1009779
936298
934717
905088
896001
904297
926816
905482
897186
941433
1150816
1190322
1393384
1136199
1062322
1554570
1339655
1346372
1354274
1250372
1095903
985680
951705
963557
912593
968298
1026766
1265779
1402076
2297287
1504001
1394570
2257386
1584199
1724051
1639508
1511508
6885144
2905287
1247606
1301335
1249581
1385088
1475953
1387063
2099756
1564446
1476348
1863509
1609088
1147655
1188347
1976892
1365335
1101434
1389433
956051
2179558
1180446
1151606
1221533
1208100
1386668
1237334
1263014
1220743
1439607
1199014
1004248
1368890
2158225
1200199
1164248
1171754
1091556
1012940
1265779
1360199
1270125
1075360
1085236
1120001
1157927
1566817
1390619
1232199
1290668
1268940
1246816
1027952
1121186
1142520
1087606
1180050
1259458
1153977
1285928
1140149
1543112
1285533
1180051
1364545
1353483
1280792
1329780
1123557
1035063
1136989
1083261
1531656
1556940
1131063
1022421
1200199
1142520
1221138
1138174
1296989
1461730
1231014
1116051
1221138
1404841
1574323
1435261
2351016
1104199
1076940
1070224
1116446
1230619
1100248
1239705
1276841
1311606
2027854
1419458
1108150
1056791
1121186
1392990
1532051
1291063
1342817
1346767
1284347
1305681
2157434
1972546
1325829
1141335
2333633
1472792
1202965
2078422
1334520
1328990
1720496
3112300
4212153
1304891
1042964
943804
961977
1319508
1236545
1027557
1407211
2186669
1360989
1442372
1525335
1768299
1717336
1639903
2401583
2043262
3283362
2480200
2294916
1631212
1278421
1315557
1230224
1080890
1496101
1500051
1249977
1396545
1344792
1118816
948545
908248
1025186
1201779
1370866
1342026
1504397
1917632
1102223
986076
954471
935112
1249581
1115261
1093532
1161483
1273680
1138964
1117236
1335705
1142520
1148051
1334520
1136989
988840
972248
944594
1236940
1161483
1029137
1072199
1179261
1216792
1208495
1206520
1257878
1923162
1431705
1225088
1363360
1146471
1198224
1271706
1191113
1233384
1118816
1286322
1255902
1327409
1363755
1600792
1220347
1258273
1397730
1379162
1427754
1191902
1176495
1328199
1347953
1266174
1450668
1447113
1199014
1115261
1322668
1189532
1076150
1182421
1153186
1328989
1243655
1188742
1306075
1341631
1340051
1274471
1291854
1248792
1165433
1803064
994767
1033878
1164248
1126718
1369286
1204940
1254322
1473187
1371656
1248791
1099458
1404051
1373631
1385483
1177680
1175706
1098273
1345582
1182816
1335705
2618077
1129483
1242075
1107754
1147656
917730
908643
2246324
1349138
1168198
1007013
1615805
3271510
1848496
1206125
1603953
1418668
1326618
1099853
1411557
1712200
1549829
1762372
3031707
5433291
1852842
1824002
1728793
1842175
5182426
1766323
2268447
1586175
2402374
1989139
1777780
1349137
1278422
1421829
1363360
1344792
1722471
1726817
1407607
1310421
1342817
1395755
1417088
1458570
1385088
990816
1008198
1833879
1375607
1029137
935507
971458
914569
920099
946569
922470
1859952
2729089
1157138
1076544
1177680
1225878
1276051
1452644
1287508
1279212
1386668
1688496
2609386
1622520
1270520
1108149
1235755
1174520
1325828
1178076
1166619
1200594
1213236
1356643
1914866
1199804
981730
1265384
1213631
1370865
1320298
1227063
1263014
1412347
1154372
1509533
1379162
1338471
1357434
1183211
1136594
1259853
1130272
1016890
1373236
1269335
1245631
1077730
1010569
1298569
1137779
1136989
1219162
1326619
1255903
1236939
1352693
1283162
1459755
1348742
1498866
1247606
1477928
1213236
1887607
1555754
1770274
1340446
1111310
1271310
1658866
1240495
1358619
1864693
2404743
1069433
1150026
1116446
1280791
1023211
1291853
1631606
1394965
1319903
1614224
1935410
1772249
1386274
1451459
1547853
1433286
3141140
1765928
1777385
1781730
4491462
4252844
1490175
1570372
2121089
2190225
3090967
2004940
2081978
1810571
1920397
1903015
1610669
1552990
1579064
1189138
1251162
1075359
1012150
966717
961582
1038618
1009779
986471
938273
939062
1226668
1380742
1617780
2507855
1168989
1400890
1312792
1427360
1437631
1245631
1023212
924840
947359
942223
944593
1925138
2132941
1094718
1221927
1355459
1182816
1240891
2090669
1370076
3971560
3078325
2040892
1236150
1045730
1183606
1125532
1157137
2309534
1680199
1610669
1887607
1364940
1274865
1089186
1202174
1312396
1211260
1341631
1205730
1191508
1372446
1406027
3689091
1374421
1027557
1064692
1148840
927606
1126718
1361385
1114865
991211
915754
939853
993582
2012051
2255410
1204940
980150
1217977
1122371
1082075
993977
1016890
1188348
1297779
1482274
1239310
1799509
1557336
1216792
1010569
1308841
1204149
1001087
931162
927606
964742
949334
939063
949335
960002
1427360
1075755
1976496
1347558
1529681
1553779
1892348
1816891
1333730
7262823
1456594
1385878
2157830
1630422
2778472
3169189
2469138
1458175
1615410
1635952
1973336
1885237
1694027
2008496
2382620
4912993
1418668
1470026
1461730
1598027
1494125
2066571
1936595
1700347
1542323
1450274
1324644
1294619
1304495
1961484
1560100
1492940
1357829
1334915
1303705
1270124
1212841
1147656
1274076
1324644
1151606
1207705
1212446
1065482
1004643
1061532
1010569
1176100
1370075
1291854
1284742
1155557
1040199
1069038
1128298
1593285
1243260
1351113
1231014
1194273
1231014
1246816
1155556
1459755
1380742
2133731
1379952
1128298
1332545
1202569
1430125
1353088
1541928
1381138
1512298
1231014
1241286
1095508
1319113
1394175
1102223
1106964
1253533
1095508
1003458
1144890
2871707
1459755
1315557
1167409
1048495
1167013
1409977
1619755
1344792
1234570
1246817
1568002
1677829
1541533
1942520
1323063
1158717
1076940
1235360
1201384
1445138
1427360
1192297
3392004
1227458
1255902
1232595
1554965
1295014
1264989
1171360
1010964
1115260
1164248
1056001
3203955
5278031
1183212
1426569
1200989
999903
927211
980149
972248
999112
1180841
4210178
2087903
1108544
964347
890075
910618
1788841
1229433
1025977
1057581
1450668
1078915
1087606
890866
904298
1098668
1439607
1613829
1288693
1775014
1209285
1520989
5706674
3297584
4591808
2771361
2916349
4015412
1925928
1449879
1540743
1739854
1212841
1441187
1308446
1290668
2336398
1118816
1014915
976989
1124347
1109730
942618
904297
939458
968693
959211
896396
1029928
973039
1490174
1784891
1006224
990816
1014915
1190718
1225878
1374421
1379558
1400100
1038619
959211
904298
1031903
1653731
1133038
1071409
1710619
1107755
1165828
1238520
1206125
974619
928001
938668
1164248
1034273
980940
1598816
2977979
1101039
1097088
1069038
1012545
973433
914174
916545
917730
917335
923656
935113
983310
1304100
1869434
1035063
882569
934717
894816
966717
885729
937088
1036248
1197433
992792
1013334
1292248
1508347
1383903
1244051
1463310
2216694
1556940
1100248
1228248
1422619
1351113
1396545
1456199
1588150
1395754
1466471
1266569
1447113
1262619
1295804
1211656
1180051
1343607
1223903
1257088
1265779
2053533
1270520
1179655
1067853
1387854
1191508
1359014
1244841
1264200
1136594
1080100
918915
1002668
988841
1158322
1095113
1121977
1067063
1101434
1019260
949729
1638718
1012544
1118026
1099853
1111310
1235754
2493632
1392989
1143310
1198224
1198224
1142915
1351508
1763558
1818076
1671113
1560101
1599212
1687706
1880891
2319410
2061039
1965434
1655310
1438027
1359014
1360594
1717731
1453829
1441977
1411557
1494520
1481878
1589731
1606718
1606718
1673483
1625681
1692447
1521385
1342026
1346767
1463706
1327014
1344396
1186372
1129878
1168594
1169384
1096297
2657189
1411952
1371260
1269334
1151606
1453434
1133828
1547063
1561286
1306865
1152001
1505187
1619360
1364150
1618175
1527310
1259853
1254718
1178865
1195458
1237335
2092250
2020348
4712697
1303310
1243656
1272495
1329385
1629237
1438026
1330175
1373236
3512103
3828548
1316347
1169779
1306076
1161088
967902
888495
885335
948150
1206520
2160595
1146470
1193088
947359
912199
874273
926026
908248
896001
914569
987261
1053236
1411162
1344002
1608693
1250767
1204940
1285533
1272495
1326618
1442372
1406422
1274471
1036643
948939
901137
894421
1051260
1856002
976594
927211
937088
919705
905087
978569
1374421
1069038
1059952
1140940
995162
911409
945384
942618
1272100
2378274
1796347
1179261
1955558
978569
950124
910223
884545
912199
1711014
1472397
1505977
1118026
965532
997532
1036248
884939
1049680
1018865
1254323
1312792
1383903
1418668
1410767
1538372
1552989
1607508
1862324
1927903
2025484
2790324
1474768
2101731
1074964
1857978
1103804
1116446
1144891
1015310
931952
901927
887310
852545
901927
869927
856100
907458
1027952
1148446
1094323
1898669
2241978
1402471
1192297
1394964
1063112
1016890
971853
933532
973828
878223
848594
871903
1055211
1035853
1165829
992396
969878
961977
912989
879408
888494
953285
1040989
1239311
1096297
1255902
1461730
1223903
2198916
1582224
1629236
2442274
1277632
1246026
1121186
1011755
1057186
1227063
1088001
1807015
2179558
1027952
924840
914174
1249186
1130273
1319508
1062322
973829
1066668
973828
948149
1199014
2733040
2130965
1219557
1245236
1239706
1355458
1185581
1202569
1281977
1252742
1263014
1260248
1257482
1346767
1248396
1205335
1330964
1181236
1181236
1127903
1201779
1182421
1198619
1292644
1368891
1628446
1104594
1088001
1318717
2177978
1309236
1280002
1160693
1125927
1129088
1080100
1106175
1112100
2094225
1406817
1368891
1168594
1248397
1573533
1245236
1366520
1329384
1126717
1076939
1300940
1889187
4686623
2654028
1417483
1952792
1508348
1291853
1399311
2196150
1895903
1004643
1259063
1338471
1318718
1379557
1313582
1861928
1927509
1751706
2281090
1858767
2286620
2357336
1808595
1909731
1856793
1670718
1489780
1316347
1260643
1386669
1368100
1233385
1638323
1442372
1354668
1030323
1186372
1172150
1125137
1171754
1052841
951705
1288298
1276051
1207310
1240495
1158718
984100
948150
1152002
1037038
973433
955260
1271705
1131853
1287903
973433
910223
910223
934322
926026
917729
914174
931557
1070619
1093532
1017680
999112
892445
931162
1169384
1082471
925631
1809780
1210076
919705
931162
923656
1123557
1171360
1109730
1377187
1295409
1702718
2076052
1897088
1544298
1270125
1672299
1160693
1047705
926026
933927
911408
909433
916149
937877
2124644
2077237
1030718
939458
916939
910223
1229038
1191112
2057089
1353088
1352693
1496101
1748941
1192297
1060347
1125927
1026372
953680
1099458
1298965
1185187
1020445
982914
972643
977384
1148445
1423804
1430520
1408001
1257088
1299754
1449088
1474372
1404446
1427360
1264989
1362569
1367705
1449878
1445137
1223508
1370866
1186372
1377977
1512693
1578273
1276446
1524545
1320297
2352200
1244841
1305285
1324643
1628446
1150026
1015310
920890
896791
873087
917334
899951
1065088
1046125
976594
976199
1451458
992001
960002
1082471
1123557
1145680
1112100
1268545
1270915
1606323
1576693
1306866
1587754
2311904
1647410
1509138
1942916
1854817
1761583
2038521
2674966
1532842
1292644
965927
1013729
975409
1026371
913384
879014
928001
903112
871112
1054026
1093927
1050865
1024397
1111705
1125532
2089089
1922768
1047705
977384
1110519
1275656
1079310
1202964
1028347
1030717
950520
1080100
950915
1463310
1197828
1011360
987656
890865
868741
2001780
1353878
1748545
1314767
1412742
1328594
1658471
1337285
1332545
1410372
2329682
1152396
1109335
1160693
1073384
1094323
1004248
1103409
1103409
1148446
2232496
1311212
1009779
1281187
1321878
1505582
1126718
1178076
1100248
1270520
1148051
1175310
1663212
2848399
1168989
1026371
1152002
1371656
1217186
1408002
1253532
1065878
1057582
1076149
1136989
1707063
1240100
1086421
1078915
1034668
972643
999507
1061927
1216001
1033878
1126717
1306866
1352298
1391409
1170964
1289878
1199804
1138569
1167408
1466075
1290668
1289088
1313582
1314372
1000297
1182026
1091952
1383508
2143607
1287902
1117236
1304496
1242470
1301335
1295409
1389829
1371260
1374816
1310027
1339656
1084841
1110915
1253138
1221928
1118816
1082471
1234174
1210866
1244051
1190718
1322668
1608693
1455805
1167409
1184002
1237730
1093532
1146076
1407212
1184791
1244446
1248397
1292644
1464891
1336891
1854027
2115163
1505187
1649780
1868249
1449878
1670718
1906965
1939755
1673088
1354273
1497286
1667558
2136101
1771064
1532051
1382322
1440792
1730767
1589730
1940545
3765338
1493730
1522570
1382717
1418273
1707064
1413928
1362965
2861830
1656891
1541532
1337681
1421434
1811756
1693237
3160497
1455804
3151806
6084748
1427755
1534421
1356644
1523360
1254717
1600397
3308646
2186274
1556545
1395360
2003360
1322668
1005828
1236940
1394174
1416693
1103013
1113681
1146866
1133828
987656
950915
1062322
996347
1165038
1123162
1087606
1109335
1072989
1378372
1495706
1302916
1677829
1202569
1184791
1182422
1091162
909828
905088
944199
909434
1115656
1183211
1232990
2265681
1929879
1031902
938273
1184397
1163063
965532
927211
926816
875063
1067458
1072989
1104198
1086816
2093830
1665582
949729
887310
952495
924445
892840
905482
931557
954075
1012150
1700743
1014915
1370076
1416693
1413928
1242076
1551409
1219952
1178471
1218767
1200989
1229039
1238520
1233385
1361385
1376792
1402076
1179656
1015705
1346767
1144100
1297779
1358619
1190322
1182421
1553385
1791212
5554575
2176397
5573537
1545879
1630027
1464496
1706273
1543508
1389829
1412347
1434076
1916447
1536397
1566422
1231014
1374422
1394570
1709829
1404841
1434866
1530471
1529286
1660446
1450668
1340446
1448693
1376396
1519014
1673484
1468051
1379952
1334520
1261434
1107755
899952
1006618
1120791
1392989
1226273
1323853
1367705
1411952
1263804
1280397
1561681
1338471
2066966
1300940
1105384
1198619
1194273
1361384
1316742
2119904
1710619
1282767
1750915
1551804
1349532
1314767
1281187
1328594
1421038
1069038
1540348
2054324
1268939
1353483
1305680
1516249
1422224
1461730
1372446
1180446
1214421
1286323
2239213
1640694
1772644
1285137
1392989
1304495
1359014
1132248
1010174
1213236
1165434
2090669
2099755
2232101
1164643
1128298
1089976
1031903
921680
884939
993186
995557
930766
895211
887705
1116840
2005335
1670718
1052840
1044940
999112
1031902
935112
957236
980940
1105779
980149
968692
878223
1013334
1290668
1674668
1085631
1608693
1187162
943408
917729
889285
896396
905878
1057187
1046520
1103804
1323853
1070619
1109730
970273
958026
900346
944199
939063
939853
1070223
1012939
944199
932742
1017680
1126323
1227853
1561681
1739064
1579064
1433286
1500841
1863904
1940150
2015607
1654520
2125434
1163458
1212051
1199014
1043360
1317137
1434866
1369681
1222718
1113681
1052446
1385483
1519409
1306076
1326619
1894718
1057977
984100
980149
947359
1092347
1172545
1177680
995557
918519
864791
857285
962767
898767
943409
1108544
1983212
2480595
1005039
923656
889285
870322
864397
1781731
1080495
1020840
906668
854915
910618
999902
1212446
987261
1035458
1274866
1626866
1157532
1142125
1132643
1153977
979359
970668
1015310
1142915
1041779
1135804
1044940
958421
897186
923260
924840
903112
1189533
992397
1326619
1119606
1421039
1229829
1095508
1129087
1188742
1289088
2098570
1364149
1493730
1128297
1358223
1330175
1335311
1344397
1142520
1273285
1092743
1482273
1391804
930767
1443952
1666767
1534816
1631212
1344002
1178865
1298175
1656891
2007311
1607508
1162669
1137384
1144890
1276841
1410372
1264594
1213236
1374422
1363755
1354273
1379558
3922968
1139360
1197434
1030322
1027952
1017285
963161
1033483
1170964
1123952
1040594
1021631
1122371
1788051
1193483
1340842
1246421
1251557
1001878
1077730
1014519
950125
997137
1047705
1092742
1103409
1098273
1380347
1212051
1092347
1305286
1197039
1140940
1395360
1013335
1004249
1200989
1168199
1583409
2256201
1716150
1842570
1738669
2183903
2204052
2068546
1910125
1775015
1477533
1457384
1367705
1238125
1427360
1442372
1291063
1222717
1344791
1315557
1261434
1578274
1456989
1667557
1488199
1645829
1434866
1310421
1276446
1163458
1341237
1225483
1186767
1042569
1016495
2411460
1151607
1156347
1174520
2159410
1275656
1514274
1675459
1153186
1199804
1190322
1415903
1197038
1055211
1232989
1266570
1127507
1187557
1161087
1105779
1076939
1129088
1243261
1307656
1420249
1834669
1388643
1389829
1263804
1334520
1372051
1284348
1049285
1172149
1240496
1142520
1153977
1421829
2172842
1332545
1128298
1157928
1576298
1116445
1210470
1246026
1162668
1193878
1155952
1448693
1777385
1370471
1398125
1384693
1446718
1359409
1404051
1307261
1388644
1473582
1260644
2073681
1739854
1650965
1497286
1323853
1651360
1251162
1248792
1274076
1616594
1316742
2153089
4894031
1104198
981730
910618
980939
1012940
984890
938273
976594
917730
1022026
2113188
1189533
1122766
1230618
1170569
944594
918125
943013
1046915
941828
934717
1336891
1070223
1107360
1307261
1925928
1077729
966717
945384
896396
893235
1264989
1199804
1391804
1345186
1646224
1782520
2195756
2000595
2859065
2656398
2493237
2297286
1993484
1781731
2352200
1502422
1712989
1297384
1371260
1459360
1684545
1375212
1478718
1383508
2022323
1371261
1146470
975013
950125
1035063
1037828
942223
923655
956446
985285
928396
884939
923655
978964
1425384
1032297
1922373
1035458
927211
887705
865977
999113
1052446
1259853
1250372
1251952
1391804
1586570
1951607
1470816
1316347
1183211
1196643
1214817
1103014
1147656
1494125
1619360
1538372
1612249
1950817
1543113
1002668
937088
913384
1031903
1114471
1189927
978569
974223
874273
891656
910619
950915
986866
1993089
1112891
1034667
974223
884939
899161
896001
924051
930767
1032692
1188347
1080890
957236
926815
965532
1110520
1303705
1194273
1262618
1598816
1393779
1188742
1357828
1339261
1223113
1293433
1347557
1657286
1381138
1300149
1208495
1331359
1133828
1098273
2557632
1299360
1246421
2042866
1300545
1470026
1906965
1141730
1165829
1206915
1125532
1296989
1494125
1251162
1251952
1234174
1206125
1393779
1240100
1308051
1099853
1220348
1362570
1283557
1101433
1246026
1558126
1601978
1322273
1334125
1775409
1281582
1266569
1088791
1375606
1102224
1438816
1270125
1284742
1523360
1182817
1316742
1686520
2075657
1688891
1358619
1453829
1636743
1674668
1693631
1763953
1979262
1924743
2300053
1726421
1483458
1640693
1872595
1942126
1550224
1460150
1675854
1621336
1344397
1411952
1935014
1454619
1449483
1287113
1385483
1445928
1445138
2731855
3518029
1428940
2016002
1554965
1903014
1434471
1359804
1411558
1803854
2026669
4580746
1257088
1097878
1089582
1123162
1288693
1133829
1192692
1819657
4888105
3776399
1305285
1185186
1093532
969483
909038
955260
1578273
2838126
1558125
979359
916150
847409
878223
946174
1265780
1077730
1710224
1038619
948940
1313186
2157830
981730
1157927
974619
931556
1117631
1031113
920495
873877
860050
900347
1449088
1152002
1199014
1348742
1195458
1090767
1021631
902322
890865
946174
1009779
990026
918520
872692
852939
862026
1149236
1463310
1449088
1302125
1304100
1744199
1018471
1015705
1104199
1110915
1035854
939458
1038223
962767
901532
968693
978569
1123952
1020050
988051
1018865
1225088
1080496
974618
1163063
1006224
1243261
1359014
1260248
1785286
1379952
1835459
1423804
1357039
1049285
1066273
1073384
1002272
926421
1025977
981730
1214816
1112100
1016100
898372
1030323
2371953
1444347
1217187
1338470
1310026
1413532
1583804
1356248
1748151
1765533
2670225
3196053
2292151
1680595
1750521
1363755
1450273
1557730
1567212
1538372
1293433
1477532
1521780
1522965
1348742
1519805
1529286
1478718
1293828
3451263
2049583
1040989
1641483
978174
939063
969483
957631
984495
1067853
990026
941828
913778
1162668
2268842
2196150
1387063
1210471
1164249
1208100
977383
937878
908643
1126718
1325434
1457385
1504001
1172149
1264989
1195063
1360199
1193483
1269335
1157137
1319903
1106174
1166223
1108150
1114075
1263014
2224200
1356644
1257483
1165828
1113681
1178866
1272100
1183211
1367310
1235359
1186371
1165433
1231014
1294619
1178865
1248001
1301335
1585780
1287507
1089581
1145681
1237335
1120397
1242075
1298965
1401286
1355063
1295409
1319507
1223507
1382718
1287903
1155162
1060347
1407606
1116051
2471904
1591706
1350323
1281582
1270520
1118816
1228643
1233779
1224298
1161088
1168989
1389434
1319112
1219557
1521385
1923163
1190717
1634767
1360594
1125137
1137779
1098273
1037039
1242470
1217187
1388248
2580151
2609386
1192298
1187162
1321878
1402866
1557335
1545878
1571557
1396150
1666767
4449981
4419561
1568002
2578571
1403656
1315162
1331360
4717833
2092250
2541435
2122669
1823212
1031903
1084050
1355853
1077334
1170570
1086816
1289878
946569
1315162
1369286
1353484
1460150
1248002
1091952
1082470
944594
1253928
3074769
1025186
922470
898766
914964
926421
1008989
1845335
1185977
1159507
1043755
1080100
1110520
1048890
987261
946174
1017285
1342421
1099458
964346
898371
1044940
1238915
1133038
1145286
1229039
1185187
1191112
997928
1011359
977779
1723261
1187162
1412742
1396545
1098273
1605928
2441485
1349533
1691261
1521384
1701928
1686915
1611854
1136594
1067458
1235360
1255508
1298569
1223903
1094718
1290668
2251459
1863114
1359409
1206915
1120792
1265779
1052446
958816
1044939
1499656
2369978
1935805
1345187
1417483
1276051
1349928
1315952
1345977
1406422
1299755
1318718
1148840
1295409
1656496
1432496
1164249
1216001
1170964
1999805
1269335
1392594
1313977
1137384
1063508
1047705
1112890
1161878
1286322
1118026
1453433
1314372
1333335
1248396
1095903
1167014
1115656
1177285
1214026
1277236
1646224
1408397
1123952
1131853
1026766
1115656
1256298
1360990
1386668
1358224
1358224
1472397
1388248
2542225
1353483
1304496
1485039
1351112
1656496
1887607
2036150
1741039
1646619
1996644
2019953
3382127
1513878
1862718
1437236
1449483
1542718
2269237
1598817
1691656
1385878
1349138
1309236
1373632
1279606
1260248
1442372
1351903
2234867
3615610
1512299
1419458
1507952
2507855
1929879
1520200
2179953
3553979
6138872
1566816
1641484
1404051
1179261
1557731
2729090
1155952
912989
1035063
1805829
1046125
895606
915360
992001
1191507
1192693
1511903
3034472
1545878
1424989
1349533
1469237
1032297
1004643
1086816
1084051
1298964
1200199
1926718
3107954
1598816
1296990
1172940
1090767
1613434
1281582
1414718
1287902
1441977
2878423
1219952
1201384
1444347
1417483
1471607
1455409
1413928
1415508
1436841
1565631
2350620
1507162
1330965
1320693
1393779
1418669
1391804
1471607
1401680
1678224
1572743
1479507
1718521
1507953
1422224
1411952
1482669
1470027
1400496
1315952
1359804
1415903
3209091
1542717
1418273
1406027
1836645
1486619
1394174
1421434
1356644
1256693
1385878
1373631
1281187
1368891
1319113
1427359
1585780
2200892
1932249
1856002
2240397
3365140
1641878
2127804
1748151
1285928
1411162
1434866
1383507
1409977
1452249
1380347
1332939
1474767
1450273
1524150
3184991
1342817
1322273
1398915
1411953
1529681
1506767
1589336
1253532
1296989
1242866
1406816
1632002
1585385
1446323
1744990
1439607
1372051
1959113
1389039
1569187
1526915
1428940
1381137
1419063
1497680
2040496
1118421
1001087
1067063
1276446
1234569
1514669
1228248
1109730
1157927
1172940
2147558
2618077
1463310
1263804
1148841
1214422
1099063
1420249
1482669
2359706
1906570
1219162
2403953
6379464
1252743
1102619
970272
1192298
1238520
1055211
1267359
2683263
1057977
954865
925630
940644
905878
1072989
1076149
928396
968692
1101038
1218372
1028742
1304496
2182719
3120992
1088002
947755
944989
909434
901137
1266964
1284347
1225483
1135804
1227854
1521385
1826373
1443162
1711014
1086816
951310
929581
893236
907457
847013
872692
913778
872297
978174
2512200
1751705
1053235
961977
918519
918124
1090372
1317533
1698373
1004643
904297
887705
1588940
1018866
1566422
2512595
1033482
952495
901927
958816
1171359
1514273
1720891
1855212
1573138
1871805
1732743
1710619
2052743
1696792
1837829
1876941
1658472
1998225
1701928
1989928
1033483
916544
885334
911013
1030717
1005433
1063112
1103803
859656
920890
923655
1171360
1051655
1028347
2187459
1535606
1417088
982520
1086026
1098668
1108149
1120002
1243260
1347952
1087211
920494
933927
1113680
1010174
901532
1140545
1356248
1364150
1253927
1154371
1418273
1652940
2104496
1475162
1361384
2535510
1250372
958026
915754
938667
1035458
1385088
1248002
1085236
1907361
1385088
1263804
2077633
1644644
1183606
1148446
1095903
1112100
1281187
1236544
2072891
1268149
1313582
1271705
1744990
1244445
1174520
1530866
1487409
1321483
1200594
1250767
1198618
1251557
1123162
1467261
1320693
1147261
1160298
1182422
1307261
1251557
1246026
1266174
1230224
1222322
1155557
1341631
1428545
1485039
1326619
1340050
1326224
1234569
1075755
1292248
1402075
2553682
1462520
1265780
1474372
1224693
1131458
1355063
1727212
1307261
1289483
1167013
1197829
1048891
1316742
1373632
1354669
1816100
1144890
1142915
1192297
1208100
1071804
1158718
1322668
1180051
1803854
1372051
1280001
1487805
2280299
1084051
1152396
1269729
1038223
1258274
1277236
1830323
1697582
1490570
1743409
1556545
6428057
2172842
2336793
4479610
3475362
1499656
1358224
1334520
1461336
1659656
1541138
1466076
1392199
2027854
3211460
2037730
4288400
1513878
1539952
1512298
1596446
2140842
2768991
1455410
1304101
1031902
959606
1013334
924840
1101829
1116050
1205730
1069433
1116051
915359
1046915
890470
830421
1308841
4980944
1805039
1726816
1476347
4530178
1383112
1244446
1203755
1253137
1196644
1322274
1524545
1201384
1182422
1300150
2110817
1799508
1264594
2053138
1278026
1095507
1166619
1173730
1282767
1287507
1314767
1886422
1373632
1178866
1179261
1202570
1326619
1465681
1279212
1326618
995952
1033088
958421
945779
1347162
1210470
1252347
1428150
1214816
1442767
1386668
1125137
1311211
1339656
1208496
1165434
1234964
1170570
1265384
1227063
1281582
1849286
1292644
1093532
1085235
1120791
1206520
1146866
1313977
1450274
1655311
1192298
1039804
1269729
1317533
2210373
1760398
1283557
1299359
1251557
1181236
1291459
2585682
1428545
1170569
1174520
1168989
1226273
1707459
1778570
1908940
1401285
1465681
2313090
3229238
2187460
13232213
9472802
18875281
7653145
3186572
1895113
1582619
1543113
1750915
1368100
1579064
1661237
1498076
1496890
1571162
1479508
1531261
1705089
1455804
3181041
1818471
1749731
1592495
1595261
1394569
1456199
1385484
1557335
1560101
2509830
1805039
1558125
1606718
1447113
1459360
1428545
1587755
1443557
1389433
2029434
1741039
1837435
1401681
1499261
1376002
1537977
1472396
1498866
1501237
1583015
1470027
2911213
1884841
1707064
1472792
1630027
1473977
1521384
1623705
1428940
1765532
2086718
1546669
2444645
3187757
1637533
1691656
1771459
1589731
1449879
2103706
2572645
1754471
2336003
1487014
1616200
3023411
1743805
1525730
1406421
1167804
1406816
1875361
4598524
1735903
2223410
1631212
1709829
1606718
4907858
1487014
1485828
1902620
1626471
1462125
1564447
2043262
1663607
1393780
1501236
1598817
1825977
2247904
1616200
1509533
1589731
1254322
1225878
1225878
1242076
1347162
1341631
1212841
1573533
1351113
1544298
1352298
1293434
1257483
1187952
1198619
1109729
1152001
1149236
1358224
2023904
1537977
1461730
1822422
1326619
36600142
17370885
28603688
3513288
2179953
1660051
1619755
5413932
2611361
2818374
1643063
2373139
1623706
1427360
3499856
1426965
1458964
1964645
1511508
2600694
1699952
2086718
5084056
1979262
1511508
1499656
1424989
1652545
1655311
1639508
13382732
2245928
1972150
2795855
1545088
1620150
1648595
1484249
1637533
1867459
1936990
1497681
1748150
1752101
1733928
3150621
1449878
1441187
1526125
1575113
2059064
2498373
1356248
1543903
2625188
1499261
1462125
2210373
1439211
1592101
1579063
1956743
3158127
4615907
1563261
1390224
1736299
1402471
1937780
1477138
1581039
1478322
1784496
1814521
1882472
1363360
1469632
1573138
2063410
1497680
1572743
1622916
1508347
1690471
1762768
1528495
1642274
1471211
1531656
1522965
1564446
1532051
1862323
1396940
1375607
1671509
1651360
1473187
1454224
1548248
1508742
1593286
1491360
1340446
1379557
1249977
1171755
1221137
1350718
1230618
1339260
1234965
1241286
1182026
1138175
1230619
1295014
1473977
1521780
1480298
1348347
1576693
1178471
1425384
1536001
1529681
1446718
1371261
13132657
30292184
4929586
2235262
20707580
32446853
3183016
30733864
2135707
7771664
2638620
1997040
5919217
3489189
5330574
1989533
1413533
1339261
1398520
1366915
2113582
1557730
1427755
1469237
1399706
1263409
1441187
1210471
1334915
1222718
1368891
1202174
1085236
1167409
1410767
1180051
1744989
1340446
4952104
1528495
1822817
1730768
10267667
1626867
1598817
1950817
1368100
1925928
1143310
1127112
1173335
5803068
2296102
2498373
1967410
1522965
1813730
1257088
1656100
1347557
1309631
1479112
1184396
1447112
1324643
2206027
2184694
1402471
1304495
1989929
1253532
1285928
1947262
1545483
1411953
2292546
1473187
1631607
1522965
1479113
1492150
2401978
2423707
2027854
5375217
1223113
1172545
1190322
1166224
1198224
1310421
1116050
2059460
1824002
3162473
1404051
1421039
2082767
1489780
1724447
1306470
2068545
2917534
2349039
1221137
1173730
1953583
1162273
1785681
1520594
2529979
2041682
1518224
2192990
1354669
1301730
1589335
1466471
1361780
1345977
2316249
1731558
2220645
1285927
1334520
1132248
1352298
1094717
1118816
1143310
1101038
1097088
1185581
1298965
2052743
1194273
1193483
1150816
1389039
1673089
1818076
2126224
1308841
1503212
1304891
1682175
16405748
1692446
1592891
5700353
1191508
1125532
1285137
1258668
1711409
3318128
1317928
1236940
1189532
1551014
1630422
1682965
1362569
1311211
1424594
1908546
1259853
1737879
1263804
1072198
1334520
1136989
1212446
1321878
1241681
1477927
1692051
1477137
2643756
1573533
1177681
2033385
1357039
1313581
1334915
1412347
1470422
1738669
1601187
1242865
1216001
1710619
1233384
1469631
1863904
1356644
1104989
1168989
1857583
3450869
2235657
1229433
1801089
1498471
1328989
1426174
2854324
1517039
1730373
1953978
1769483
3030522
1829929
2136102
1907755
3725041
1684150
1225088
1357829
1320693
1383508
1830323
1248397
1295804
2089484
2714078
3103608
15621549
1305286
1232594
2041286
1309631
1251557
1272495
1244841
1244446
1420644
2812448
1381533
1282767
1397730
1442372
1323064
2120694
1185582
1254322
1173730
1209285
1450669
1616595
2114768
1231409
1145285
1178076
1171754
1158323
1187161
1658471
1714175
1458570
1624891
1432496
1696397
1380743
1880496
1594866
1300939
1479508
1530471
1534817
2533139
1701533
1567607
1587755
1729187
3801288
2089879
1764347
14252264
1519804
1188347
1513088
1384298
1310422
1302125
2014027
1310026
1283557
1205335
1249582
1278421
1335310
1313977
2784004
2863016
1264199
1155952
1267755
1848891
1183211
1307656
1128693
1104594
1129483
1216791
1285137
1165434
2060249
1782125
1569187
1398125
1479903
2936497
1325038
1466076
1376792
1290273
1641088
1302520
1975706
1231409
1250767
1170174
1240101
1260643
1437632
2331262
1261829
1381138
1119606
1250372
1362570
1365335
1753681
1266569
1197433
1363755
1673483
1586569
1295804
2666275
1442372
1345582
1291459
1470816
1637928
2190620
1225483
1272890
1315162
1229829
1511113
1416298
2133731
1326224
1512298
1763163
1664792
1296989
1912891
1471212
1671508
1460150
1358224
1302521
1243656
1507952
1356248
1324643
1280791
1397730
1635952
1448298
1620940
1334520
1366520
1431705
1388643
1566421
1439212
1403261
1483064
1345582
1555755
3347362
30000628
3964844
1448298
1362965
1736694
2582917
1712989
2532348
1658076
1534027
2468744
1702718
1532841
1370471
1603163
1441582
2619263
1349928
1341631
1246026
1290273
1274471
16599328
1401285
1571952
1278817
1870225
1539162
1251952
1211261
1244446
1424594
1246816
2323756
1418668
1431310
1550224
1321878
1658866
3262029
1562076
1297779
1261828
1272890
1279212
2614522
1411558
1274471
1260644
1481878
1400495
1158717
2063410
1229433
1280002
1328199
1514274
1819261
1692051
1587755
1654520
1298964
1345977
1537187
1525335
2524448
1383113
1510323
1398126
1495310
1815311
2794275
1341236
1309236
1233779
1154372
1388644
1559705
1889977
1221532
1226273
1304495
1386273
1149631
1346372
1334520
1301730
1313582
1289484
1399705
1344396
1379557
1370470
1440002
1353878
1308446
1421829
1682570
1160693
1458965
2033780
1946867
1289878
1526520
3775214
1502817
1335310
1369285
1183211
1360989
1758817
1500052
1241285
1251952
1302520
1563261
2447015
4117734
4462228
5963069
1492545
1274866
1830323
1558126
1394965
1332940
1659657
1647805
3030918
6319415
3130078
1530471
1557335
1336890
1412742
1272100
1563656
1514274
1403261
1620150
2646127
1666767
2358916
2514966
1961878
1386273
1359409
1347952
1712595
1973731
1676249
1466866
1553780
1405236
2020744
1912891
1561286
1409582
1851656
2070126
1561681
1651755
1810965
1620150
1635557
1747361
1700348
1391409
1481483
1312002
1583409
1356644
2035360
1446323
1692051
1520989
1472792
3787066
1515458
1558126
1307261
2418571
1507557
1589336
1971360
1277631
1336496
1291063
1421434
1387853
1561681
1347163
1394570
1281582
1345977
1240495
2031805
1279606
1312396
1332939
1361779
1212050
1277236
1346767
1374421
1318322
1481089
2356151
1439607
1430915
1413533
2004546
1691261
1319508
1530076
1392989
1396545
1629632
1960694
1334521
1327409
1344002
1291063
1524940
1496890
1436446
1448693
1426175
1338076
1812545
1557731
1830718
2115953
1639508
1415112
1572348
1888793
1803064
1660841
1381927
1569977
2253830
1672693
1333730
1267755
1335310
1241681
2029434
1600397
1292644
1242076
1276051
1410767
1300544
1295013
1669533
1625681
2027854
1377187
1299360
1347162
1244841
1356644
1290273
1350323
2460448
1734323
1347162
1339656
1466471
1237335
1276841
1443953
1728793
2070521
1675064
1428940
1419064
1350323
1338076
1405236
1662027
1570372
1722866
1459755
1425384
1378767
1915656
1564052
1448298
1690471
1866274
1474767
3514079
1513089
1410767
1531657
1423409
1383902
1583409
1420643
1309236
1312397
2227756
3689880
8030035
3838819
1322668
1362569
1507162
1967804
1329385
1438817
1707854
1274471
1611064
1445533
1829929
1427755
1695607
1445532
1339656
1306076
1327014
1311211
1361780
1483459
1277631
1555755
2337188
1897484
1440397
1675459
2543410
1701533
1376397
1402866
1439607
2542620
1748545
1458965
1605532
1532446
1438026
2172447
1485829
1384298
1704693
6213933
1553780
1427360
1634372
1535211
2486126
5746970
1856003
1889187
1436051
2561584
2499164
2802176
2662719
1844545
1592101
2124645
1861533
2341138
2878818
2521287
2156250
1738668
1703508
1386669
1395360
1495311
1447508
1774620
1434471
1697582
8113392
1532051
1398915
1354274
1221927
28850602
3093337
2285830
1914077
2060250
1485434
1410372
1933829
2123854
2422126
1343211
1622125
1359804
3428745
1475953
1349928
1560496
1510323
2219065
1401286
1507953
3293239
1466076
2190620
1291063
1477533
1428940
1461730
1357038
1918027
1424200
1679015
2796646
1575508
2165336
1665187
1420249
1522965
1423014
1509138
1351508
2525633
1366520
1428545
1317137
1452643
1288298
1274866
1456200
1272890
1303310
1215607
2268447
1855607
1545879
4108252
1800693
1882866
2457287
2725929
3278621
1526915
1498076
1664792
1565631
1364149
1477532
2320595
2219460
1477137
1915657
1478323
2000595
1343212
1506372
1384298
1448298
1700348
1805830
1670718
1291853
1882471
1792398
1529286
1232989
1294619
1452644
2164941
2464793
1435657
1315952
1265779
1323853
1586174
1289483
2214719
1464101
1418274
1294619
2032990
2648102
1410767
1300940
1552200
2884349
1579854
1698372
1786866
2324941
2440694
3026177
1656496
1925138
1793977
2881978
1772644
2075262
1854817
1862323
2449781
1904200
1884052
1959509
1795953
3608499
1951212
1731558
2234867
1901434
1758817
1755261
2762670
3346176
1852447
1833879
4595363
1675064
1452248
2396447
2911214
1459359
1751311
1511508
1478323
1574718
1678620
1503212
1667952
1564842
1679804
2157040
1541928
1602767
1410372
1492545
1652150
1618175
2241188
1566422
2142027
3011164
1792002
1713385
2179163
2206423
2717632
1818471
1844545
1614224
1556150
1590126
1620150
1883656
1523360
1771854
1485038
2285040
1518619
1677829
1301335
1516643
1493335
1587360
1522569
1870620
1691261
2888695
1516644
1921583
1493731
1425779
1595261
1669928
1374816
2557633
1423409
1303310
1257878
1566817
1311607
1631212
1531261
1424200
1342026
1405236
2604645
1409977
1647805
1483459
1507952
1480298
1494520
1454224
1588941
1852447
2166521
1521779
2087509
1388644
1752101
1372841
1244050
1721286
1583804
1324643
1749730
1399705
1425384
1762372
1417483
1617779
1300545
1291064
1262224
1285532
1359804
1269334
2129781
1365335
1335706
1557335
1326619
1481878
1418668
1705088
1609483
1479508
2100151
1712199
1546274
1736299
1375607
1517434
1458964
1428940
1344792
33607151
12840706
2243558
2040101
2390521
2856300
2507854
1929484
2283855
1774224
1815706
1942521
1692052
1923557
1584990
3072003
1517434
1476348
1588545
1596447
1422619
1487014
2256991
2534719
1822026
1681780
1758422
2315064
1522964
2164941
1424595
1573928
1684545
2197336
1585779
1817286
1628051
1568397
2279114
2114768
1684545
1553780
1766323
5472796
1519409
1324248
1906965
1273285
1466865
1711014
1522569
1394570
1371261
1427754
1541928
1362175
1350718
1685730
1360989
1741039
1417878
2923066
1397730
1414323
1402471
4659364
1551409
4620648
1443953
1532841
1787657
1420249
1407606
1647409
1413927
1334125
1640298
1517829
1466471
1312792
1484643
1531261
1498471
1511508
1359014
1327804
1400890
1774619
1520594
1427754
1427360
1458175
1320693
1396150
1490569
1467656
1318718
1273285
1533236
2003360
1300149
1386273
1479903
1336100
1387063
1477137
1262619
1339655
1172544
1185581
1404051
3916251
1637928
1446717
1501631
1241285
1219162
1240100
1286323
1253927
1307261
2598324
2337188
1579459
1463310
1325434
1268545
1098668
1262224
1454619
1149631
1474372
3175905
3171954
1335706
1289483
1419854
1184001
1209680
1414718
1332940
1512298
6801390
1496100
1159508
1452644
1311211
1840595
1827953
1779360
5167019
1658076
1986373
1643459
1553384
1778570
2015213
1492150
1553384
1683755
2327312
1423409
1606718
1456200
1402866
1630026
2223015
1808990
3243856
1755261
1660841
2807312
1602372
2811262
1982422
2469929
5001487
5550229
1739853
2296892
1268150
1311606
1135409
1260643
1197828
1348742
1259063
1338075
1118421
1076545
1097878
1280002
1268150
1361780
1321878
1182421
1076940
1174915
1193878
1158322
1193483
1360989
1185187
1094718
1179261
1268150
1092347
1179656
1062322
1259459
1197434
1449878
1119211
1121582
1136594
1090372
1166619
1144890
1305680
1306865
1334125
1441187
1045730
1182421
993186
1204150
1290273
1167409
973038
1131063
1118817
948544
1855607
1410767
1255508
1256692
1316347
1157138
1104594
1082470
1150422
1174124
1336495
1261434
1045335
1445532
2062225
1985977
1203359
1607508
1291458
1267755
1274471
1216396
1296199
1292643
2500348
2134126
1416693
1298569
1445928
1605928
1871805
1367310
1246421
1089187
1300940
2341534
3469041
2255015
2041286
1697977
2110423
1869829
2705385
2365238
3890177
1478322
1620545
1820447
1383508
1277631
1578274
2685633
1805039
1279607
1249187
2105286
1067063
964347
894026
926026
1382718
1236545
1455409
1318322
1578668
1814125
1397335
942618
871507
901136
992001
864001
1034668
1122767
1125532
960791
1093137
1761977
1475162
1263013
1226273
1331359
1240100
1078520
1032693
936297
1106964
1039804
1083260
1127112
1816891
2066176
1641879
1219557
1113680
1212051
1344396
1259853
1050075
1136199
1203755
1171359
1232989
1436446
1631607
1349532
1253137
1337681
1212446
1210075
1216396
1281186
1187162
1363755
1108939
1455804
1200199
1239310
1238915
1389829
1400890
1247606
1278816
1250371
1302125
1285532
1129878
1316742
1957533
1289483
1269335
1249582
1287903
1272100
1369286
1539162
1345582
1311211
1340841
1280792
1721681
2115163
1517434
1135804
1236939
1481483
1297385
1378767
1337285
1531261
1510323
2009286
1726817
1348347
1270125
1261038
1354273
2003756
1346372
1306866
1646619
1470421
26390550
1503607
1627656
2623213
2262917
1497286
1492940
1637533
2015607
2131361
2048792
1428940
2510226
1978867
1551805
1616990
1543903
1479903
1493730
1417483
1367706
2902917
2050372
2352990
2772942
1091556
1033483
921680
1144496
1185186
1364940
1110125
1166223
1360199
1107755
1575903
2451756
1257483
1258273
1364150
1271705
1232990
1145680
1307260
1176100
1026372
1189137
1193482
1833484
1275656
1194273
1042964
1217977
1180841
1155162
1401286
1103804
1362570
1180446
1128298
1263409
1186372
1304100
1291458
1076545
1117236
1050076
1178470
1106175
1186372
1261829
1300545
1432495
1202175
1326619
1377187
1285927
1320298
1459360
1235359
1170964
1165828
1181631
1202569
1120791
1068248
1391014
1722077
1506372
1307656
1310027
1423014
1308446
1491755
1383113
1422619
1274865
1404051
1480693
2226966
1535212
1405237
1402866
1358619
1332149
1461335
1376792
1598421
1707063
1627261
2147163
1451459
1337680
1452644
1624496
2014422
2721979
1369681
1549433
3943511
4853339
1736298
1505582
1500446
1236150
1531656
1835064
4154869
1423014
1328199
1364150
1169780
1136594
1424594
1473187
1863509
2280694
2984300
1634768
1875360
2076842
1832693
2096595
2223015
1423804
1392989
1312396
1464495
1230619
1359409
1372841
1340446
1577089
2209978
1960694
1936989
1406026
1312792
1295804
1175705
1114076
1411163
1298964
1166223
1121976
1096298
1009779
1345582
2106471
1874175
1257878
1406421
1118816
990421
1093137
1109334
1130668
1368100
1167409
1292248
1934620
1318718
1093137
1188347
972643
1156347
1195063
1197828
1294618
1168199
1055606
1179656
1118026
1256693
1134618
1055212
1307261
1071409
997927
1024791
1135409
1209680
1055606
1325829
1599212
1237730
1303705
2730670
1538767
1384693
1289088
1427755
1176890
1233384
1069433
1394965
1004248
1248002
1448693
2016793
1149236
1131458
1436841
1192297
1051260
1028742
1713780
1115261
1150816
1019655
1054421
1084050
1912496
1376792
1783311
945384
917730
1398521
1088792
992396
1248792
1514668
1843360
1127507
2077237
6749243
1489780
1295804
1135804
1156742
1281582
1352693
1648990
3438622
1174915
1008199
950520
997137
1103804
1286718
963162
866371
973434
1075360
1144890
1370470
2428842
1334125
1397335
1048890
1184002
868742
1146865
1120397
1225483
1820052
1182816
1776199
2577386
1642669
1700348
1618569
2023509
1886817
1598817
1935409
2591213
1781336
1082075
946965
883754
848199
842668
1003458
1044149
1030322
1070619
1251557
1241680
1255508
1607113
2817978
1368495
1173729
1197828
1016495
1325433
1190322
1248397
1195458
1306471
1090372
1300940
2065781
1215211
1045729
1359409
1402470
1232199
1239310
1206125
1158718
1197829
1504002
1349533
1269730
1127903
1184791
1099853
995952
1455804
1110520
1238520
1419459
2531559
1163854
1186372
1231014
1170965
1390619
1233779
1144890
1178865
1193877
1215211
1213236
1009779
1108545
1581829
1250767
1119211
1475558
1278422
1224693
1104199
1372051
1370866
1604742
1294224
1152792
1246026
976594
1326619
1787657
2333238
1006618
926816
1359804
1065088
1046125
1312002
1167409
1100643
957631
1021236
1124347
950519
1828743
1633187
1332545
1214026
954076
1079705
1327409
1087211
1137384
1225878
2179559
1065088
1027556
1970965
5216796
1643459
1259459
1569977
1210866
1072989
1079705
1630817
3373436
1216396
1016100
1006618
966322
952100
1078125
1048100
1025582
2282670
991607
1242471
2417385
1249581
973433
848989
840298
911014
930372
839507
830420
808297
828446
920890
1052841
972248
1234174
1671113
1307656
1806224
1485829
1664397
1959509
1528496
2303212
2209583
1625681
1316347
1905385
1725632
1339656
1426174
1304100
1519014
1541928
1360990
1391409
1375606
1569977
1029927
949730
948544
948940
1028742
1203359
958816
991607
1120396
1171360
1442767
1295409
1195063
1625286
1163458
1078520
1101434
1081680
1297385
1187162
1080495
950914
1153976
1007014
1285137
1210865
1472397
2442274
1270520
1191902
1050865
1180446
1175705
1019260
1204939
1225878
1211261
1046125
1037829
1597237
1530866
1390619
1236544
1124742
1004248
1154372
1180051
1173730
1169384
1180841
1234569
1343211
1397335
1665977
1230619
1157137
1002668
1377187
1317928
1387458
1267754
1415113
1191903
1152001
1168989
1478322
1493335
1295804
1209680
1157532
1185187
1254718
1205730
1112100
1331755
1228248
1144495
989235
961582
1574718
1611063
1183606
1344002
1132249
1121976
1083656
1511903
1449088
1287903
1265779
1248397
1142915
1879706
1667557
1108940
1533236
2022324
2164546
1332150
1391804
1269335
1306470
1620940
2773337
2597929
1248792
1767903
1875756
1695607
1562076
1645039
1574718
2223410
1970570
1153976
1205729
932742
1116050
1269335
1327804
1370471
1499656
1293434
1728792
2030224
1949237
2000990
1310421
1308051
1298964
1341236
1532446
1824397
2204842
1342027
1482668
1749335
1498471
2254620
1426570
2023114
1913682
2618867
2066175
1873780
1368890
1340841
1340841
1262224
1319903
1382718
1327804
1729977
2202867
2483756
1709040
1266965
1579459
1340051
1335706
1181236
1053236
1249977
1624496
1567607
1552595
1095112
1266569
1369681
1040199
896791
1116841
1291853
1347557
1124742
914964
999902
977779
1624101
1112890
968692
1114075
9757246
1389829
2362867
6276353
4989240
1386668
1668347
3881486
1395360
1509928
1342816
1419458
2319805
1623311
1852447
2348249
1628447
1684150
1534421
1349532
1459755
1338075
1228643
1293038
1756051
1649384
3290868
1791212
1494915
1728397
1591705
1255903
1521780
1490570
2084348
3610868
1453434
1501631
1430521
1330174
1654125
1528891
1300940
1507557
1635557
1449088
1318718
3919017
2215904
2089879
1670323
3011559
2414225
2027459
2010077
4283264
4089289
1408397
1645435
2947559
1984792
1327409
2137682
1487804
1304100
1995460
1449878
1333730
1877731
1498076
1356644
1340051
1786472
1246816
1417878
1367310
1342816
1743014
1385483
2138077
1679409
1284347
1240100
1230619
1354668
2024694
1563656
1256693
1245632
1216791
1246816
1498471
3095707
1336101
1274471
1344002
1287113
1220347
1260644
1310817
1376792
1304890
2234867
2089089
1219162
1641484
1363755
1207310
1298964
1343606
1570372
1327804
1608693
1359014
1330570
1566027
1247607
1529681
1296989
1650174
1188347
2527213
1234569
1114076
1415903
1383507
1398125
1239705
1176495
1209286
1349138
1368891
1369681
1517434
1567211
1405236
1333730
1204545
1368495
1282767
1380348
1318718
1330570
1290668
1194668
1146471
1410372
1361779
1225088
1485039
1316742
1323063
2959016
1694026
1300545
1241681
1130668
1139359
1153976
1573138
1724051
1619755
1330570
1525335
1456990
1330569
1607113
1737088
1457779
1229434
1490965
1785681
1383113
1914077
1614225
1685730
1319113
1274865
1337681
1489385
1458175
1589730
3017485
1468051
1364545
1679805
1647410
1471212
1410372
1309631
1991508
2642176
2450571
1708644
1725632
1901829
1939361
1713780
1662817
1743804
2401583
2808893
2462423
1558915
1691261
1887607
2752398
1406026
6352995
2211163
1673089
1882867
1419458
1499656
1216001
1506768
3225683
4969882
1430915
1975311
1492545
1303310
1280002
2192595
1955558
1378372
1320693
1312792
1287113
1494915
1377186
2159805
2915559
2279114
1404842
1392989
1988743
1325039
1467261
1444743
1508742
1481089
1233385
2063410
2869732
1228644
1129088
1175310
1107359
959606
1134223
965137
873482
852939
870322
882174
1005434
1782916
1708644
1287903
1078520
926421
852149
846618
862420
928001
1048100
1305681
1303310
1184001
956840
1266174
1087211
906667
956840
973433
1024396
1182421
1200989
1057187
1288298
1430915
1376792
1074964
1117631
1334520
1687706
1146470
975409
927210
860445
847013
860446
871113
1043359
1056791
944199
914964
1044940
1054421
1013729
1088397
1122767
924841
949730
1064297
989631
891655
856100
847408
831211
857681
824890
829631
861631
1127903
1296199
1071014
1325433
1164644
2322966
1642274
1528101
1584199
1199409
1206520
1389433
1273285
1714965
2113188
2609386
2259360
1868644
1787262
1323854
1459359
1172939
1121582
997532
1351113
2094620
1965434
1263804
1306470
1166223
1123952
986470
1044545
954075
1007804
1123952
1045334
1134224
2065780
1224693
1304890
1376791
1236940
1155557
1320693
1078125
1341236
1774224
1199804
993581
3363560
1118816
1071013
1016495
869927
828840
898371
889680
973038
1089581
997137
908643
884939
867556
844643
1328199
2448200
1283557
937878
960396
902322
858075
884940
964347
1048890
886124
904693
1058766
1085631
918915
1184791
1537187
1069829
1141730
993186
899161
955261
973433
895211
877434
873483
867161
869927
863606
859260
953680
1036643
1178470
935903
956051
888100
862421
833186
854124
867161
838717
877828
836346
1129483
1015310
886520
913779
899952
846618
885730
1424989
980940
1009384
1178865
892051
904298
878619
908643
883754
906273
839508
858865
999507
922470
1009384
910223
836741
1061137
1056791
1172939
1149631
1114470
1089582
943804
1171755
1157927
1144101
1296594
1458965
1439606
1460149
1669928
1479508
1323459
1332940
1084445
1273285
1111310
1163853
1211655
1136199
1481879
1273681
1160693
1274471
2577781
1216791
1131458
1017680
1093532
1404842
1123557
1056001
1182026
1135804
1179261
1278422
1098667
915754
1126322
1203360
1281582
1389829
1618965
1423014
1595261
1517039
1679410
2021928
1960298
1799113
1886027
1717335
1391409
1384693
1746965
1388249
1272495
1477927
1456989
3764548
1489385
1628447
3489190
1287903
1374421
1187161
1414323
1942126
1164248
1157927
1200594
1554174
1428150
1037433
1168199
914569
1088001
1187162
1085631
1410767
1909335
1431311
1317928
1477533
1547854
1076150
1010174
1223903
1053236
1048495
956841
1266570
3298374
1683360
1192693
890075
1031112
1095507
1189137
890865
1003458
952890
988841
1234965
971063
941829
1202569
1946076
3132053
2456102
903112
836347
891655
841877
862816
848989
874273
1232594
2346275
1761188
887705
900347
958816
891260
834766
841877
986865
1300940
971458
880594
883754
946174
1074569
1153976
1301335
1297780
1750916
1417878
1287113
1202569
935507
860841
900347
933532
1049285
1037433
1093532
1067853
1470421
1327014
943804
888495
883359
971458
1023606
1074174
972248
948149
901927
915754
1058371
1223508
1350717
2411065
2991