1410372
459853
448001
640001
607210
579162
540445
580741
402964
446025
425086
431013
498174
452741
476445
873877
484741
448791
479606
412049
453136
421926
472890
441679
430618
416790
412840
381235
408494
436544
457482
434173
410075
415605
392297
409284
448791
415210
504495
640791
456691
415605
497779
450371
412445
403358
456692
430223
469334
399013
406914
389136
436149
433383
428643
425482
407704
493433
421531
380050
362272
479211
400989
406519
397828
382815
379260
372544
403359
409285
478815
359506
438519
406519
518716
378470
408099
383605
387556
386371
417185
405729
406124
379654
6347465
523852
602470
971063
717038
591013
608396
696495
739952
462222
511606
472099
597334
673976
618272
559408
523852
353976
417976
432198
400988
415606
458667
389136
395852
436544
446025
426272
452346
442470
492643
455507
401383
566914
415605
552692
410470
600100
654223
1229433
505680
572841
408100
397828
328296
380840
389532
359901
350815
343309
361482
347260
349235
367408
374519
350815
369383
327507
339358
345284
349630
355161
338964
346075
419951
395062
326716
316445
312099
313284
327507
314864
311704
322371
316840
312890
317630
313680
345679
336988
390321
385185
421136
779853
431013
363062
416001
419951
379260
380840
385976
346074
327111
343309
376494
374124
388346
360692
313284
345284
360692
411655
345679
395062
417581
456692
392691
416395
358322
365432
338964
372149
346864
365828
439705
353975
348050
373729
352000
354766
395062
351605
323556
402173
359901
324741
350815
388346
479211
430223
410864
526223
375310
411655
469334
386766
353186
345285
306963
361877
287211
306568
376099
303408
406519
359112
343704
550321
715852
609581
1000693
508445
633680
561384
525828
421531
504890
456297
464593
590618
1149236
688199
547951
545186
734420
549136
312099
438124
305383
461433
362272
408495
333828
335408
400988
334618
357137
298667
402963
344494
339754
337778
341334
330272
331062
325926
346865
354766
319606
343704
320790
313284
374124
306173
322370
384790
320001
294717
372543
324741
324741
478420
992792
560988
377680
320395
380840
310914
292346
322766
364247
355556
305778
312889
308939
314864
310914
296297
371753
374914
359507
353580
289581
359901
358321
279309
320790
311309
357136
299457
279309
361087
334617
363852
323556
288791
301828
346074
388741
297087
267852
287210
284445
320790
289185
352396
314864
334618
466173
498173
824889
354371
374519
331852
399803
323951
282470
342123
342914
365828
306568
330667
306964
291951
349630
323160
330272
323556
339359
346865
323556
342123
292741
286815
322371
325927
319210
301038
357926
399803
306964
329482
296691
294717
335408
293926
380840
324346
299852
336197
349630
360296
282074
286420
285630
412840
407309
409680
336198
380445
336593
291161
345285
298667
279309
278519
271012
265087
543210
370568
406519
294717
298667
302618
483951
486717
312099
300247
272988
273778
344100
285630
279704
305778
282074
254815
250469
248099
257185
318026
358716
515951
307358
278124
270618
294322
289185
376494
433778
393482
416001
468544
307754
344494
420742
659359
585482
327111
279309
276543
267062
347259
259161
244148
361087
259161
265482
265876
261926
271408
286421
286420
293927
252445
310519
354766
265086
243753
260346
255606
341729
288395
264297
343309
293136
282074
267062
288000
275753
298667
247704
281284
275753
252840
293531
261532
258766
231111
238222
242173
253235
267852
246914
270617
279704
309334
325136
305383
369778
423112
701235
380840
292741
309333
302618
284840
245728
294321
243753
233482
236247
238618
240988
290371
268643
287210
341729
868346
418371
384791
554272
739556
504889
747458
527013
422321
321975
659359
406519
419951
349630
254815
295506
226766
224395
241383
238618
226370
239803
234667
219260
242569
252444
295506
397038
249679
241383
217679
233482
348445
415606
307358
296691
274963
362272
389136
252049
237827
272988
229531
270222
332247
250469
229136
230321
231112
231112
235457
237432
224395
218865
262717
255210
276149
250470
272988
257975
244938
238618
253235
269827
280495
259556
220840
212939
219260
208988
273383
307359
270223
234666
251655
305779
359112
380445
234667
214913
230321
205827
215704
208198
253630
204247
202667
212543
234667
235457
277728
470519
371358
346865
430618
407704
1264594
409679
267852
283655
213334
221235
213728
238618
252050
210174
241778
201086
212544
216099
257580
256000
206617
198321
255606
252839
237037
237827
187655
223606
219655
237432
242173
250074
231111
260346
292741
318420
607211
407704
384790
277334
246124
212149
514371
788939
512791
376099
339358
328691
510025
890075
522667
316445
300643
259161
247704
258370
256790
348445
249679
269037
226371
206222
225975
237038
200297
237827
234667
220444
219259
186470
203062
199902
189235
210568
209778
204642
239013
240988
186470
212544
215704
180544
240198
181334
206617
203457
210963
224790
242964
192000
201482
189630
227161
195556
147359
167902
165927
154864
173037
171852
169086
173037
180148
178173
203457
234272
214519
165531
158420
194370
187655
178569
185679
149334
189630
231111
220445
227161
184889
244543
185679
221235
261136
190815
398617
335013
220840
184889
234667
203062
254025
199506
229927
202667
199111
240593
183309
199507
193975
209383
211358
182123
217284
205432
190025
201482
199901
183704
162765
153284
150519
151309
132741
151309
156445
153284
132345
150518
156444
152889
175407
152494
150914
152890
150519
148938
148543
154074
150519
148939
172642
174618
240593
227161
231506
176592
161185
161185
174618
178568
164346
160395
159210
158815
219259
3975116
909828
502519
304198
245334
237433
260741
233877
188839
344099
305383
253235
239803
300247
254420
1417483
337383
344494
177778
177778
176592
180148
160791
176198
231902
226371
211359
181729
188840
199112
186864
211753
181333
198321
199507
203457
186864
180939
204248
131951
197136
276148
146964
342519
237432
256395
193975
160000
179754
241778
164346
149729
188840
205038
178963
143012
227951
219260
146963
235062
224791
209383
184099
191210
211359
138667
204642
224395
208592
202272
173828
148939
186470
160000
170272
146568
254815
323951
195951
208988
242173
149333
148543
174222
240593
220050
210173
230716
222815
224791
229136
262321
188050
234667
236247
247704
207408
158025
172642
246914
236642
226765
258370
231901
225185
238618
2613732
437333
269433
259556
235457
600494
369383
301827
252840
227951
222025
2559213
1187557
872692
273383
320790
269432
300247
349630
359901
340544
312494
341729
312889
314864
469729
597729
329482
357531
238222
198716
229926
237433
252049
220445
211753
267062
342519
463013
358717
445235
335013
275754
225580
265877
304198
240988
396247
265482
296297
200296
215704
225976
189630
190025
195161
227951
209383
203062
204642
216099
221235
134716
135111
135902
133926
143802
427457
555853
352395
242963
148938
153284
173827
194766
180148
201087
135112
202272
240198
182123
305778
161580
163160
143802
146963
141433
144593
146173
143802
135506
137087
142223
132741
139852
136691
139061
135111
135506
137482
139457
134321
138667
137877
131556
137877
147358
322371
232296
222420
223211
225185
249284
188049
201482
302223
212544
229926
391111
192395
192000
141037
239803
218075
163160
196741
167902
175408
185284
180543
195950
177383
176988
195951
175802
194370
178568
178568
178173
174222
185285
190420
178964
170272
166321
159605
155260
174223
145778
165927
155654
171062
167506
310124
357532
197136
254420
145382
281679
338963
163160
134716
157630
198321
124050
135902
120494
137877
135507
126420
206223
190420
213728
179358
191605
199507
180939
205037
231506
149333
137482
139852
143012
135111
134717
169877
330272
208988
164346
144197
189630
197136
153284
192000
216494
238618
176198
173828
163951
205433
182124
165926
191605
161976
214519
161976
188840
169481
192395
217679
174223
176593
167112
176593
190025
164741
161581
155654
202272
157235
163951
182519
159606
155654
124840
153679
152889
148544
163556
128000
144988
111802
111407
137481
148939
106272
109433
106272
112198
106272
112593
143803
110618
145383
101926
146173
143803
135902
131161
129185
220049
160000
238618
285630
207012
146173
121284
114963
109433
148148
103506
143407
112593
146963
104296
145778
145383
143803
151704
146568
149334
149334
143803
122470
150124
152099
135901
131555
129186
171852
154864
134322
130370
132741
137482
129975
142222
133927
143803
124840
153284
132741
130765
137876
130370
131951
137877
136297
123655
133136
135112
131556
148149
136297
134321
131160
137087
128790
143407
135901
137481
137876
129975
135506
136692
163556
152494
148148
171852
149334
148939
160790
138272
163161
166716
196741
167506
167901
165136
172642
139852
178173
139852
150123
182124
169482
170667
173037
171061
178173
128791
154469
147753
149333
157235
146963
154074
155260
152494
146568
146173
144593
177383
136296
211753
225976
756149
248099
561383
161185
131555
109432
145382
177778
169877
165927
167506
167506
166321
167112
161185
169877
128395
226370
174222
179753
144988
135902
176988
111013
166321
145778
111408
116543
115753
148939
103902
149729
104691
110617
106272
109432
114173
110222
138667
109037
111803
106667
118914
102716
127605
162371
162371
167507
145383
167112
161186
158815
115359
160395
168691
168296
110222
104692
111013
165532
161185
159605
159605
167901
163555
162371
160000
148543
145778
142222
170272
120099
155655
150124
135902
157235
153679
147358
135901
141432
137877
143803
133926
129580
137481
130766
133926
140247
137877
157630
148938
131161
129975
161976
182914
136691
154864
137087
161976
169482
180149
174223
175013
176593
131161
154074
136692
146173
168691
201481
148938
185679
242963
225581
219655
190815
201877
145383
166716
152099
137482
137087
134321
263111
143407
145383
150124
143408
135902
134717
299852
248099
467358
240593
215704
187259
167901
297086
158025
161186
144198
143803
156445
144593
140247
143408
139852
139852
163161
138272
138667
140247
143803
138667
147359
145382
137877
140247
139457
144988
145383
139852
174223
201087
241383
159605
139852
137087
145383
200692
144197
136297
201087
175408
182124
152889
142617
128790
135901
144198
159605
136691
132741
157630
1033877
219260
188445
175803
161581
176988
170271
171062
165531
163160
172247
165531
282075
158815
193580
649483
361087
235062
200692
268247
180148
167901
226765
246519
161185
197136
176198
192001
180938
178964
180939
170272
210173
177778
189235
178963
181728
153284
141433
186469
194765
176988
160395
166717
158815
159210
167902
156840
164346
158815
174222
159606
124049
159210
184494
170272
246519
145383
187260
126420
126420
128000
126420
130766
136692
114173
125630
137482
107457
107852
101136
111012
106272
110617
105086
132345
139062
116938
117333
105086
105086
119309
108247
143803
132346
150123
107852
109432
108247
107457
121284
120099
105876
129580
107457
105876
119308
106272
132346
111408
107062
150519
156050
139457
150124
126815
134322
162370
154074
172247
169482
169877
149728
165926
148544
197136
135506
142618
136297
284050
558618
182914
142617
134321
126815
154074
137877
137086
137876
135901
131950
139457
132346
124840
122865
131556
120099
135901
123259
120889
121284
124444
213729
177383
166717
161581
162371
162371
165136
165927
169482
131556
112988
112198
113778
109432
107852
109038
109037
104692
113383
116149
106272
159605
133136
172247
157630
170272
163555
163160
158420
162371
171062
158815
162766
164346
162766
163950
161580
166716
165926
167507
153284
146963
109037
112988
139457
110618
148148
140247
147754
102716
109037
104692
110222
169876
117728
109037
107457
105482
147754
141037
145383
105877
108247
110222
147754
105482
109432
137086
107852
134321
103507
150124
105482
114173
109433
140247
149334
112198
144198
116543
112593
103902
145383
139062
137482
142618
102321
163556
156444
182519
156050
132346
139852
129580
141037
137086
134321
137482
128000
136692
131951
133926
133926
135506
133531
111407
130765
133926
129185
173827
124050
105482
113383
107062
137481
110222
122074
111408
106272
107457
104692
143013
104691
111802
110617
114568
140642
103902
139457
104692
114173
109037
109827
142222
111013
146963
102321
111803
103901
114963
146963
110617
147753
103902
140642
106271
109432
104297
110618
144593
141432
136691
128790
134716
131160
134321
129185
133531
137086
132741
143407
133136
138272
139457
147754
141827
124049
129185
136692
132741
131556
131951
139852
137087
107457
109827
106667
105877
105086
105877
103111
148938
120099
128000
150518
175408
160000
144197
195556
143012
132346
109827
109432
107062
111408
104296
112988
118123
113382
107062
132346
111803
131160
133136
278914
145383
164741
126815
126815
197531
186075
155655
135111
1041779
1018865
342518
236247
231506
343705
276149
248890
4908253
551506
301433
8120109
1010964
437729
368198
382025
651852
297086
250074
220840
243754
227161
216494
239013
206223
216495
225581
164346
142222
151703
152889
148938
144593
148543
139062
137086
141827
136296
136296
142223
140642
133926
131556
130371
127605
139062
128395
132346
135506
127605
133136
133531
135507
132346
128000
184889
132346
150914
131556
217284
131556
126420
141827
133136
131556
129581
131556
127210
144197
129185
136296
137876
126420
131951
148544
133926
128395
127210
135902
130766
140642
136692
128790
129975
131160
128395
207408
163556
131160
134321
128000
135111
140642
135507
133531
128790
133531
131161
135506
133531
141433
416396
911409
594173
172642
144988
139852
139852
135111
132741
144198
131555
132741
129185
137877
141827
141432
135901
135111
136297
135902
141037
164741
132741
136692
129185
139852
130765
139852
132346
193185
216099
229531
210173
220445
210963
314469
233086
454716
272593
211358
204248
214519
198716
204642
197927
223605
202271
147358
142223
128000
136691
127605
129185
127210
127210
126024
133926
124049
128395
130766
123260
134716
129185
144987
133926
127210
132741
126420
130766
137482
129186
131951
131556
126025
131556
207012
174617
150913
139062
135506
128790
143407
140247
140643
143013
122074
164740
158420
141827
145383
137876
169481
138272
147358
168691
127605
129185
131161
179753
173433
272198
320791
143408
123655
135902
138272
144593
161976
169877
146173
152099
135507
122864
142617
160790
168296
142223
166321
212938
186865
123260
129185
103901
191606
156445
164741
120889
152494
150124
102321
111802
104297
135111
103111
106667
105086
116148
119309
131950
107457
102321
138272
105482
104692
102716
135901
124839
137086
134716
119309
122075
118519
116939
176988
117728
176988
141432
120494
118123
144988
160395
142617
118518
120099
120099
118124
145383
120494
116938
120494
118124
163556
129976
131161
118124
120493
125630
218469
139457
355161
233086
244939
230716
213728
216889
289580
217284
1200989
414816
216494
176198
147358
139457
137877
374124
263901
226371
142618
140248
139852
182914
136692
135112
138667
202667
189235
138667
131161
147754
131556
179358
142222
139457
152889
161975
129581
138667
126419
118123
152889
126420
192395
121285
146568
129185
117729
150914
129186
184099
148939
125235
127210
149334
127210
122469
158025
137087
134716
120099
127605
146963
121284
175407
125629
148938
176593
148148
138667
169482
145383
209382
193185
139062
123260
153679
124839
122864
118913
126420
113778
119309
115358
125235
146963
116938
116939
117333
195951
222815
147753
132741
136691
135506
130766
149334
137087
137087
135112
134716
132741
140642
133926
135111
134716
131556
136296
128791
132741
126815
161186
152889
136296
149333
137481
179753
140247
130371
146568
148938
173432
137481
158420
122075
149729
122469
194765
178173
139852
247309
445630
212544
252444
185680
138272
105877
109037
105876
106667
136296
103506
106667
114172
119704
105877
105482
114963
103507
130370
105482
107852
133136
118914
131951
133531
102321
169482
137087
141827
132346
154865
126025
129976
121284
122865
216889
135506
147359
132346
142223
132346
132346
131555
138272
149729
131951
130766
137877
130370
128790
142618
132346
137086
135901
129185
129976
137482
132741
134321
132741
129975
130765
135111
128791
127605
135901
149333
218075
156050
118914
130371
123260
123260
151704
129581
117728
144197
118913
116543
128790
150519
121679
169877
166321
151704
116938
127605
120099
178173
114173
117334
118914
148149
122074
118913
145383
128395
116938
144593
122074
125629
140642
123655
116149
122864
116938
144197
122864
115359
120889
173038
135901
148543
201087
173432
133531
135506
205037
133531
335803
318815
144593
139852
125234
117333
148544
124445
144198
116939
121679
217679
120890
121284
116938
133926
118123
154074
133531
118914
111408
116939
132346
103507
106272
105086
103111
173828
143013
156840
294717
242963
218470
176593
179359
218469
234667
227161
223210
199506
206222
178963
135111
131161
150519
131161
144988
105876
116148
155259
146963
141433
120494
155655
103901
105086
105876
106271
169086
105086
169086
118518
132741
111013
105877
139457
105086
129975
129975
131555
141037
149334
107062
101926
118123
115359
107062
103901
135506
104297
107062
130370
103506
107457
102717
124445
282074
124049
117333
117728
131555
103901
117729
106667
103507
114173
117334
128001
118123
128790
132345
104296
137086
107456
126420
133136
129975
107457
106667
105087
135506
109432
104692
157630
131161
160001
116938
130765
105086
111802
119308
105086
129185
118519
107062
102716
107062
113383
108642
109828
101136
116939
102716
105481
102716
103506
128395
108247
105877
101926
110222
116149
106272
113778
109037
115358
178964
147358
133531
145383
135507
121284
124444
118123
124840
117333
123259
122469
119704
127210
120099
131161
120889
193580
133926
135507
137876
128000
142223
135111
134321
133926
132346
131556
130766
137482
118124
130766
132346
124444
119704
122469
128395
121284
134716
128000
137877
133136
183704
127210
125235
133926
125630
120889
116544
107457
107457
102321
105086
116148
105087
104297
107852
102321
102716
103506
103112
106272
100346
109827
116938
105087
105087
101531
107062
103111
116939
101926
105877
103112
116543
113778
107062
114568
132740
130766
114963
109432
112988
107457
116544
111012
107062
103506
106271
103111
105877
137877
121679
133136
135507
136297
128000
121285
126814
109037
109037
121284
112198
111803
182914
194371
151704
120099
105877
116149
103506
113382
102321
102716
113778
102716
118913
103111
103506
109432
104692
114173
103901
133136
137482
244149
145778
133136
119704
118519
117334
106272
119309
106667
131951
129185
128001
131161
142222
134716
133136
120099
129975
129580
133531
131951
155260
144593
121679
120889
122469
120889
116543
121284
132345
119704
115753
129975
116543
148939
125630
111407
107061
104691
117728
105876
104691
106272
107062
117333
103901
115359
124049
110222
105876
106271
104296
106271
108642
108247
109432
103111
129580
133531
146173
139062
140247
138667
156049
145778
154470
235062
749828
219260
236247
221235
240988
1551014
270618
148148
134716
179359
214914
227950
242963
242963
230716
219655
276939
230716
163950
176198
139852
151703
189235
243753
265876
248494
150124
141827
134716
137876
194370
225580
218864
1273285
2426077
1475952
8233886
528988
289185
444840
253629
299457
355161
335803
324741
298667
320001
300248
293926
343704
306174
304988
309728
300247
311704
295902
294717
304593
316050
394668
512001
355161
355556
323951
321581
350025
350815
259161
258371
225975
222025
216889
207013
199902
212938
198716
196741
204642
127210
129580
135111
133532
133926
131556
212148
214914
239012
235062
207803
364248
246124
211753
208988
216494
218075
206223
201482
178173
176593
136297
140643
222420
275359
1738274
4980550
327111
407309
233482
163161
219655
244149
240198
211358
238618
260741
1547853
391112
165531
142223
129185
129580
172247
213334
143013
154470
508445
258765
144198
138667
125630
133136
130766
137877
132741
131160
133926
131556
137482
135112
129580
125234
131161
124840
124840
139457
158814
143408
133136
133531
130766
142618
125235
128000
160396
126420
128791
135506
133136
162766
144198
140247
126420
133531
126815
128790
127210
124840
152099
141432
133926
122074
126420
126025
124840
131161
131556
124839
122864
129185
121679
127210
129976
126420
120889
126815
134716
126024
139457
126815
126024
122469
126814
127605
124840
173038
123655
128000
125629
124049
126815
139852
137877
120889
129581
131951
143803
129581
121284
128000
216099
138271
126420
135111
125235
156445
160000
137482
124050
118914
116939
139457
192791
146963
125630
171457
150914
125630
112988
116148
124050
153284
116938
131950
128000
123655
128000
111407
124049
124840
130371
156445
123260
154075
138667
113778
281284
239803
141037
101926
128000
124049
127605
154865
105877
135112
143803
178173
135901
120494
118123
114568
117728
144593
126420
111803
159210
101531
112593
109827
112593
112987
109827
107062
152099
115753
110222
111012
112198
169877
113383
111803
112593
111802
131555
123654
120889
101531
139457
126025
110222
115358
110223
118124
126025
141433
123654
112988
169876
125234
112593
114173
112198
126420
112197
126025
110222
116148
154865
128000
128395
179359
152890
113778
156050
124050
112593
114173
131555
152889
125630
113382
110222
112592
110222
121679
128790
102321
113778
137086
129581
110223
114963
112592
127210
111407
109827
128001
109827
160000
111013
116543
109827
111407
112592
121284
118124
110618
118124
109827
153284
111012
109432
114963
138272
127605
112198
112988
111803
112198
137482
136692
139457
117728
117728
100740
125630
110223
184889
126025
113383
145778
129976
111013
154469
151704
129185
116938
104297
108247
168296
156049
125235
111407
112198
137877
143013
104297
112988
152494
128000
124445
154865
112198
112198
112198
152494
124445
113778
129185
164741
142617
110222
120494
153679
126420
142617
109827
114569
110617
105481
101926
112593
110222
114568
112197
114173
115358
110222
211753
110223
110618
114963
119308
115753
100741
112593
112987
101136
116938
112198
116938
114173
112593
110223
113383
112198
114173
115753
108642
114963
110223
114963
109828
109828
116543
110222
112987
111802
112593
112593
109827
112198
104692
112988
115754
113383
110223
114963
110222
111803
114964
107457
115358
113383
112198
113383
111013
114964
109827
112592
112197
115358
126419
102321
99160
99950
101531
139457
118519
101136
106666
108247
99161
103506
97975
107852
103901
103902
103901
99951
104296
101926
104296
102716
102716
99555
101926
102717
100346
106272
101926
105087
100741
101136
103506
99951
104692
104692
121679
110222
101136
99556
101531
98766
101136
101136
104296
102321
100345
242963
129186
127210
119309
109037
116938
117334
119704
116544
114568
119703
116543
118518
130765
136691
112197
114173
114173
117728
138272
141827
133531
114173
118913
146568
261532
137877
183309
139062
208198
255211
214519
240198
225581
218865
208198
214914
237432
203457
210568
213333
253630
254815
246124
240988
203852
231902
234272
244543
284444
150124
146963
162370
182123
132346
133531
203852
240593
210173
205827
193580
151309
132346
131161
125630
137086
127605
140247
118913
152099
111013
111407
117728
128790
127605
115753
116544
112593
109828
114173
110222
122865
109432
147358
118914
114568
114173
110223
120889
109827
115753
111013
146568
110617
116544
117729
112593
176593
280889
256000
791705
334222
248099
189630
137482
129185
114568
121679
125235
107062
156049
142618
129185
132741
124050
136691
121679
126420
126025
131161
134321
135506
126815
122469
130371
123260
131161
129580
143802
123260
122469
133531
120099
155655
150914
148938
131161
129976
126024
143802
156445
155654
163556
124445
144988
153680
127605
133136
138272
160001
145383
142618
152889
148544
133531
114568
135111
147753
171457
154469
142222
244148
208198
210568
259161
184889
165531
137086
132346
128395
141827
126815
118914
117334
131161
147358
140247
148939
173037
133926
118519
145778
130765
169482
144593
143408
148544
135901
137087
160396
125630
126815
137877
143013
143803
167507
129580
122074
134717
151704
146173
137481
183309
189235
141038
169877
163161
224790
369383
152099
120889
124840
114173
112592
120099
111012
114568
109037
120494
128790
118124
123260
120494
152494
151704
143803
134321
148938
137482
156050
141828
165926
139062
155655
156050
126025
132741
114568
128395
147358
166717
154865
123259
157630
135111
118913
117333
113778
146568
139457
145778
139062
152494
139852
140247
137086
114963
139457
121679
113383
113382
117728
112592
110617
113382
122469
114173
111408
112988
110617
101926
100346
100740
101531
106272
100741
101136
105086
102321
106667
112593
106667
126025
102716
103901
100346
99161
132346
114963
114964
112988
114963
99950
103506
101136
102716
100740
108247
101136
106667
101926
102321
104297
102716
100346
101926
107852
112198
112198
120494
115754
114568
117729
115358
114568
169877
149729
131160
116543
120889
112198
117333
121284
115358
113778
110617
119704
110222
113778
113383
112988
115753
129976
125234
127605
143408
159605
135506
248099
221235
117728
117728
114963
117334
139457
122074
115358
118124
116939
113383
114173
111013
112198
113778
109828
115753
110222
114963
112198
110222
117333
109037
114173
113777
118914
113778
112988
101136
102321
111802
110222
114173
111407
105876
109827
109433
115753
109432
114173
114568
111408
111803
108642
112198
110617
112988
113382
103111
109037
112593
108643
109432
111802
121285
110222
109432
111803
112593
118914
125629
96395
115753
113778
111803
110223
111803
108643
114173
104297
101926
104297
113383
120889
99950
114568
119309
108642
101531
109037
100741
125629
109037
111408
108643
103901
111802
112592
109827
111803
110222
111012
111803
109433
113778
109828
111408
112198
108642
119703
107062
112198
111013
112593
111803
109827
111802
177383
143408
140247
129185
114963
115753
120099
115754
114173
108643
111407
149728
163556
122864
116938
125235
133136
124049
127605
134716
114568
272593
139852
136296
122074
136297
127605
122864
129581
159605
130370
137481
126815
128790
126815
152889
128791
134321
136296
135507
124444
131160
138666
124049
134321
124445
130371
137087
137482
135901
126420
129580
137086
132346
155655
130370
154074
146174
157235
154864
238618
127605
122074
144988
125630
134716
117728
125234
127605
151704
128000
139457
118519
125630
140247
129185
150914
141827
133136
140247
136296
190025
169876
267062
1183606
182519
148544
128790
124444
113383
133531
126420
162370
134321
127210
142617
145778
139062
174223
185284
160790
141038
131556
145777
139852
271013
237827
238618
165532
157235
197137
153284
160791
138667
125630
141432
168297
154075
171457
127210
154469
151703
145778
145778
120494
231506
144593
131556
358717
207803
122074
139062
242568
257976
122075
143803
134322
115753
120098
127605
148939
119704
138667
143802
144988
118914
114568
130766
166717
143012
154864
143012
134717
113383
158420
137876
140642
127605
136296
154865
129580
117333
115753
118124
116939
130765
144197
139852
142617
125235
119309
115358
120099
154470
136692
146964
135901
141432
126815
128000
150519
136297
166321
140642
178569
125630
129580
114568
118914
195556
133926
161185
136691
157630
139457
116938
138271
129975
143408
150519
122864
122074
140643
143408
120889
114173
131555
141037
157235
133926
160791
142617
142617
127605
135507
127605
167112
134321
137877
129185
124445
127605
149334
165531
136691
171457
137877
143012
114568
129580
137877
148543
154074
134717
138272
128395
129580
125629
127210
246519
126025
125629
121679
136692
147358
129580
254025
243753
155259
135901
144198
128395
117334
119704
113778
135111
150519
143803
137876
169876
126420
118914
114963
116544
151704
154075
140247
137481
156444
130370
114173
136297
137877
141433
167506
137876
137877
131556
113778
129581
147753
134321
135902
147754
157630
117334
126025
148149
133531
145383
139852
136692
124445
134716
144593
124050
119309
111803
114963
110222
116938
186865
162370
101136
136296
108642
101531
99951
117334
111803
120099
139457
101531
115358
113778
132345
108642
108642
110618
112198
120494
130370
111802
142223
110223
109037
113382
113383
115358
107852
102716
137482
98371
100740
114173
118914
144988
110223
206222
128395
99951
138271
113383
148938
114173
107457
111408
113778
138271
111407
99555
111013
139062
111803
106667
113778
136691
103506
149729
151704
114569
147753
113777
122864
111012
152889
147753
144198
112988
154865
111013
138667
150124
114568
156444
125630
139457
120099
170667
135901
114173
112198
108642
113778
109432
112593
152494
139457
130766
101926
112988
106272
113778
108247
143012
128395
128395
140247
97185
116543
114173
116938
122470
105086
137481
108642
111408
113383
114569
111407
128000
138272
152099
122865
116938
113778
106272
113778
122864
111013
102321
111012
114569
107062
112593
111013
111013
108642
111803
111012
111407
112197
109432
112988
108642
113383
111803
99951
113778
106666
114568
111803
111408
115753
99950
120494
102321
101926
102321
102321
114963
113383
99160
101926
100346
101531
151309
114963
136296
127210
126025
131160
131950
127210
136297
120099
176593
122865
122074
126420
133531
124445
128395
123654
127605
124050
120099
154865
120099
130765
120099
124049
129975
137086
131555
135901
130370
128396
130766
121284
133136
116938
119704
131160
112593
123259
114173
121284
208197
133926
141038
128000
282470
143407
120889
115753
131160
123259
118914
116543
115754
118123
128000
177382
117334
109037
114963
107062
113778
111407
115358
112198
112988
115754
109827
114173
111803
116148
109432
112198
108247
117729
122469
109827
117729
110618
117729
119704
111803
120099
113777
133531
128791
114963
134717
116148
118123
137876
182914
118124
120099
123655
122074
114963
134716
127605
123259
150123
120889
118914
118519
118124
117334
127210
127606
122864
130765
126815
110617
98766
99556
103901
101136
134321
109828
124445
104296
109432
111408
108642
111802
112197
114173
109432
111012
115753
113383
111408
109828
118124
108247
101926
101531
98766
105087
99161
105482
116148
102322
104296
105481
115358
110223
116148
99161
112593
99161
100346
111407
109828
115753
124839
116148
100741
109037
112592
127210
111013
111013
116148
107061
112988
97185
111407
111802
109037
120099
101136
114963
98766
100346
114173
111012
114568
108642
116148
111408
118519
126815
118913
119704
186864
295507
145778
122865
243753
142223
109037
103506
113778
111802
116148
114964
99556
111408
109037
112198
105877
122469
97975
113778
109432
114173
112592
106667
114173
112988
129186
100346
98370
103111
97186
129580
133531
101136
106272
101136
99555
111407
115753
109827
114568
110618
113383
112593
116544
114963
107457
115358
111013
114568
111407
107061
102716
99951
111803
109828
116543
112988
112593
98371
115358
113382
118914
115753
109432
104692
110617
108642
111802
182914
123654
109432
119704
113382
111012
107457
116148
105876
103506
105087
101136
107062
102717
98765
112198
112198
131161
106272
103902
102321
148543
120494
104296
104692
101531
109433
98370
102321
97581
111407
137877
122074
125234
122469
129581
129186
139852
129185
124444
128790
121284
128395
128791
127605
127605
131161
129580
127210
131951
122470
126025
123259
121679
125630
120494
134716
123654
123655
124050
119309
126420
124445
124840
212938
208198
201482
295902
243754
394667
164346
198717
145383
129976
132741
124840
122469
127605
122864
128395
155654
128395
124050
125235
119704
122469
138667
118519
133136
129975
147753
129186
133136
145382
116543
141037
112988
113383
116149
123655
108642
111013
112198
109828
117334
109037
114964
107457
98371
102321
107062
114568
100346
116939
118124
109037
110617
110617
111407
111012
119309
120494
121284
106272
117728
126024
109827
114568
122074
102716
115358
109037
113778
108247
111803
109037
116938
111803
109433
110617
109828
112198
111408
105086
109037
112988
97976
99951
115358
106667
113778
108247
111407
111802
108247
111012
99951
114173
116148
102321
97975
115753
110618
112198
111013
106667
114963
110617
112988
109037
107852
115753
107062
112988
111013
124050
111012
109827
108642
110222
131161
100346
102716
102321
103506
134321
135112
142617
107852
118519
114173
116938
113778
109432
120494
108642
112593
282865
141037
139062
115753
109828
111802
111802
106667
116148
119703
122864
112987
109827
116149
106272
114568
114568
112593
112988
112988
109827
110223
112593
114173
114172
108642
114963
111012
116148
126420
112593
126815
112593
102716
111803
110618
116544
109432
119308
111802
112987
103111
101136
99951
100741
151309
118519
114568
99950
105086
98370
97581
113778
114569
112593
114963
111013
111803
107852
109037
111802
114173
177383
128000
107457
111013
118124
118914
118124
108642
118123
111407
112987
111407
114569
115358
107062
112987
118914
128395
115754
122469
120889
146568
141827
142617
150123
155654
129581
138272
123655
126025
119309
130370
129581
129976
178173
126025
132345
138667
154469
136296
140642
118519
117728
116939
120494
117729
108642
118913
112593
119309
114173
127605
115753
107062
111803
111802
114173
114173
118518
109432
113778
120494
118124
139852
125630
136692
177383
140643
118914
116148
114963
114568
124049
181333
149333
131555
171852
154074
150518
175407
288396
161976
135507
131951
137087
129580
148938
128395
137087
137087
131556
124839
150123
146963
133926
129975
129185
135111
122074
117333
121284
113383
114173
117729
121679
143013
107457
105876
111802
101531
101136
100741
99556
101926
99951
100740
103506
101926
181334
142618
132346
122469
137086
124049
131951
137087
123654
126025
126815
129975
118913
126815
125630
123654
172643
157630
135111
125630
132741
127210
125234
130371
119309
123655
124445
122864
120494
121679
121679
137481
120889
113383
120889
125630
129581
122074
120889
129976
120494
124050
122469
126025
125235
121679
131555
120889
104692
99161
105481
100741
101926
97975
97976
103506
101136
103111
106666
99160
101926
99161
100346
97580
101136
99160
110617
99555
103111
99161
99951
101136
96395
104296
104297
110223
101926
97976
101531
96790
147358
118123
116543
101926
114568
129581
133926
116938
147754
234667
149334
127605
109827
195556
193976
107062
103902
108642
112592
114963
109037
111408
109432
112197
110617
111802
111802
105481
110617
110223
111408
106272
115753
108642
116148
109432
109038
109038
109827
111407
110222
111803
112593
110618
109037
123654
112592
96000
124445
97976
113778
123260
98371
112988
110223
112988
117334
114173
112198
108247
103111
99555
99950
105481
106271
100345
104296
109432
110618
111408
107852
117729
111013
112988
110223
107457
109432
109432
112593
112198
111803
112593
111803
108642
112593
111803
110222
113382
108642
114964
108642
109038
118519
102716
115358
108642
112988
100346
110617
108247
109827
112593
108248
112198
109037
113383
108642
111013
116148
107062
116148
111802
116938
100346
107852
114963
114568
118518
107062
111408
110617
109037
109037
113383
111802
108642
115753
109037
114568
110617
110617
115358
97185
114172
112988
112988
110618
108247
112198
111408
112988
110618
111407
109827
114173
110222
107852
143012
155259
131950
128000
135112
149729
120099
223211
355556
121284
113778
112593
111803
111013
114173
110617
113777
120099
135112
116148
120889
139852
124445
131556
137087
126420
127210
145383
128791
124050
126025
148544
131161
141827
126420
124445
128000
120494
135902
131556
120889
142617
127605
116938
137086
125235
179753
131555
138272
135902
139457
135506
145778
129186
129185
141037
125235
132346
135901
129975
131161
133531
227161
131556
134717
114963
118914
128395
130766
129185
134716
129580
124840
129581
131556
146568
128000
120494
117729
111408
1448693
155259
145778
118124
108643
114173
111012
108642
106667
109827
105877
105877
105086
108247
109432
106271
107852
106272
108247
107457
105877
114963
103111
110618
106272
109037
105876
105481
112988
111012
103111
97581
99556
97580
94420
96395
105086
101531
108642
131161
105482
113778
109827
111803
111013
95210
108247
98765
100346
107457
112988
98765
105481
108642
104297
109037
105481
109037
106667
127605
150914
113778
114568
110222
109827
113778
111407
112592
103901
113383
112592
112592
116938
114568
109038
109037
118913
109432
111803
110618
117728
106667
106272
114963
110617
115359
109037
113382
107852
113383
114963
107457
111803
105482
121284
118519
111407
111013
123655
110618
110617
122074
111013
125630
129975
124839
115358
109037
120494
111013
109037
111407
109433
112988
108247
140643
111803
112593
109037
114963
116938
126815
160791
141432
115358
105482
109037
111012
112592
122864
109038
114568
109433
114963
109433
109037
111013
120099
126420
112197
117728
118518
146568
136692
131556
134322
117333
131555
126025
133531
131555
127210
126815
125630
156050
135112
135901
113778
177383
117334
139457
110618
131161
124840
112198
115754
110222
114173
112593
144988
116939
110223
120099
111013
141432
131951
121679
125630
197531
148543
128396
142222
390717
222815
421532
201481
130765
131160
118913
107852
141037
120889
128000
123259
127605
113383
117729
111408
128396
126420
116148
152099
127210
108642
138667
175803
155655
151704
133531
167902
128395
116543
148149
118124
105877
110618
141037
110618
111408
119704
112198
109828
133531
128791
119309
127210
134716
126420
121284
121679
129580
176197
138272
126025
124445
153285
140247
145383
154470
129580
112593
136692
144988
133926
110617
137876
127605
105482
110618
107062
109037
120889
121679
107852
109433
126025
117729
185679
151309
128000
127210
131556
129581
122074
128790
120889
122864
122075
120889
130371
119309
128791
119704
123655
120494
118518
119704
157235
126025
120494
122864
121679
144988
197531
193976
195951
188445
171062
155655
124445
123655
121679
151704
206618
195556
1673484
238223
138271
213334
207803
204247
215309
207803
135901
122865
129185
118913
119704
141827
129185
127605
124050
123654
121284
127210
168297
210568
207802
200691
210963
1399706
278519
137877
124445
148544
118914
158815
421927
1112891
323161
244544
206618
225976
201482
198717
197136
216890
196741
195160
196346
201482
197531
197926
5790427
275359
218470
176988
200297
218075
2295311
1792792
438519
246124
219260
232297
197136
214519
1358619
6533143
914569
289580
201481
205827
199506
272198
151308
8108256
3610474
534124
9076949
770371
348445
266667
239013
204643
224790
200296
195556
199901
198716
214124
198321
1108544
367408
224396
201087
5478723
9112109
560593
226765
187259
188444
180148
190025
183309
180543
180543
201482
180938
184494
194765
216099
193581
188050
186864
184099
207013
189235
186075
189235
206618
180544
237827
217284
171062
134716
122074
142222
118913
119309
123259
148938
640395
226371
134321
118519
117334
133136
117334
115753
128395
120494
123259
118914
137086
129581
116148
115359
132741
125235
134716
148148
120494
116938
115358
114568
114173
124445
122469
112592
109827
111013
112197
113777
111407
105481
122074
114963
112592
111802
110617
114173
112197
110222
117334
111013
113778
112198
112593
117729
116544
127605
126420
117333
124839
112593
160790
173432
122074
120889
111803
106272
142223
642766
278519
645532
294716
198717
152494
128791
141432
120494
111803
109827
109432
136297
210963
197531
229926
2450965
1976496
4074277
478816
383606
3197633
310519
186864
175407
169876
174617
185680
185284
171852
13019274
1983212
286815
396642
214914
215309
209383
195951
241383
191605
199506
180148
185284
179358
189630
181729
180939
173037
178568
182124
180939
178173
173828
201482
178568
180149
183309
192791
186074
181729
183704
178568
204247
182123
175012
224396
203852
375309
252445
208988
171061
170667
168692
168296
169086
181728
1276446
336198
196346
175013
14227375
269827
982914
640395
289186
200297
442470
203062
186074
212544
184889
182124
187654
190025
185679
184889
186074
244544
210963
185679
186469
188445
197136
187259
184494
186074
197926
182519
179358
188444
180543
207803
184494
180938
184889
195161
182914
190024
220049
190025
190025
256396
190815
195161
184889
184099
186075
188444
187654
183704
183704
184889
203852
187260
1867459
1074965
308543
254025
1043359
322371
5392204
12791719
5647414
36096833
13257892
300642
206223
206223
281285
203062
205828
186470
174222
113778
122864
113383
116938
115753
111408
133926
125235
101926
121284
115358
122470
113383
119704
128395
132741
114568
112198
121679
111408
111803
113778
113382
114963
117729
120099
114173
111013
114568
112593
114568
112988
127605
112198
112988
113382
113778
114173
113778
117333
112198
116938
115753
114568
127605
112593
116544
113778
111407
111013
119704
107457
112988
109827
118123
130765
111013
112198
111013
113383
107457
120494
107062
113778
112988
112988
109037
112197
113778
112988
129976
146963
117333
110222
109433
226766
167507
177383
229531
117334
112593
109828
108642
112593
109038
150914
133531
114568
111803
116148
154470
202667
180149
175803
139457
121284
118914
132346
117729
111012
114963
118123
129185
120494
136297
120099
109828
120494
120099
116543
141432
101136
106272
128395
102716
99556
102321
100346
112593
99556
99950
106667
100741
99950
103111
100346
108247
109037
99556
102321
106272
103112
103111
100345
106272
100741
99950
102321
100741
102716
102321
100346
113778
103111
99950
102321
99950
102321
99951
102716
105086
99951
108247
104692
100346
102716
100741
109827
101926
100741
99951
102321
107457
105482
101136
132346
142223
141828
127605
143408
125235
143013
101135
103111
100741
99951
102321
99950
99556
107062
105086
104296
101136
99556
101926
100741
100346
103507
101136
105481
107457
128395
102321
97581
116544
98766
97186
101136
100346
103902
103112
102716
108247
99161
99951
101926
100741
99556
104692
114173
104296
102322
99161
212939
122469
105876
318420
299852
154470
124445
122864
154469
112988
100345
104296
101136
109828
101136
105481
102716
100346
99161
100346
103506
108247
109432
114963
129185
129976
120099
102717
101926
104296
109037
105087
102716
100346
102321
101136
99556
102717
103112
97185
102716
98765
97975
97975
97975
97975
106272
103902
97185
97580
102716
97580
97975
97976
102716
98371
97976
97581
97976
97186
99951
98766
97580
98766
97581
97976
103901
107457
97976
97581
100741
103506
126419
106667
100346
98371
97976
97581
97581
104692
97975
97975
98766
98765
98370
97580
97580
102321
97580
99950
97975
97975
97975
100346
98766
101136
97580
96790
99556
99556
97186
97581
97976
101531
102716
98766
97975
97580
103111
97580
97580
114568
97185
97580
116543
112197
104296
100346
99161
102716
97581
97186
97976
117334
130766
107062
170272
107456
101531
107852
106667
167506
116544
126025
101531
176988
106272
99161
103111
96790
99555
97580
97185
162765
107457
106272
106272
116149
127605
158420
182518
227161
177778
97581
99556
97975
101531
98766
100741
142222
97975
97185
97975
97580
100741
97185
97975
102321
99556
99951
99556
97976
97975
97185
97185
99951
97580
97975
109432
98370
127210
97976
99161
101136
98371
97581
97581
99951
101136
98765
116938
105482
97185
99161
97976
112197
116543
112593
111803
108642
107852
108642
98370
97975
98371
97581
107062
99951
98765
98370
98370
97975
98370
115358
118124
105482
101136
98766
99556
97975
98370
97975
102716
97186
98766
99951
115359
120889
106272
118914
120889
107457
106667
99951
100741
98371
97186
101531
99556
99161
99556
101136
97581
97186
100741
97580
99160
97580
99555
97580
99161
103506
97975
97580
106667
122864
135901
121284
107852
121284
110222
105876
180938
111408
104692
104692
99951
98371
101136
100345
99160
100346
96790
98371
98371
98371
105877
97186
97581
97581
98766
103111
97976
98371
109828
97185
97580
97580
114173
122864
109037
107852
120889
107852
116938
118914
105482
105877
124050
134321
121284
106667
119704
120099
108642
102321
97581
101927
97976
97581
97976
99556
98766
103902
97581
97581
118914
110222
107457
107852
107457
109038
135506
119703
132741
136692
120494
110618
106272
119704
120099
105481
105481
120889
137087
99556
97976
97186
97976
98371
97976
99161
107062
101926
97975
97185
98766
98371
99161
99951
97580
126025
111012
110617
107852
107062
107457
99160
104691
97185
98765
100741
100741
100346
98370
98370
105482
97185
97580
97185
97580
97580
102716
101135
117728
97580
98765
98370
98371
108247
123260
123260
113383
112198
137087
101926
97580
97580
98765
102716
105481
97580
98370
99161
101531
194370
124839
167901
139062
154075
170667
151309
152099
152889
171062
134322
126420
112593
111803
106272
106272
134716
104297
106667
104297
105086
97185
97581
99556
97976
97580
97185
97186
115753
97975
99161
99161
99555
97185
96790
104691
110617
98371
105087
102321
101926
100741
128395
128000
114963
108642
126420
217679
120494
141432
134321
147358
119704
111408
111408
114568
112593
101136
102321
99951
100346
103902
100741
107852
99951
100741
98765
101926
106272
99951
98371
101926
98370
116149
128000
105086
107457
108642
101531
96791
104296
95605
96396
109432
114173
101136
105876
100741
105877
113778
112988
109038
110617
114173
116148
110617
107457
111803
109432
106271
112198
133136
114173
113778
111407
109432
141828
118519
149334
112198
102321
97185
107457
175407
163950
106271
100741
112593
135506
101136
94420
162371
117728
148543
136692
128791
135901
168296
175012
176198
174223
171457
217679
125630
109828
109827
209778
207408
1087607
201876
180148
182518
3169189
2933337
318420
190025
121284
107061
107062
154864
124839
111407
126420
161580
146568
110222
106667
105877
108247
101136
105876
104296
105876
180938
179359
188840
180544
180148
180938
199902
178173
171457
228741
203458
182914
192790
196346
193185
193975
182913
184099
187260
195556
189235
181334
180148
180938
184099
181729
179753
263902
193186
354766
249284
235062
201876
197531
195161
225976
185680
185284
188444
195950
151704
237827
127210
116149
120889
122865
113778
117334
120099
135902
118914
120099
109432
107457
103902
103507
103901
103506
103112
108247
103507
103111
105481
104691
103507
103506
103506
107062
103111
181334
171457
265087
313284
290370
441679
118124
105877
111803
103901
114173
102716
105481
103901
103507
103901
103901
103902
113778
104297
104297
103506
104296
103507
103902
103111
109038
102716
105876
105481
103901
103507
103901
113778
107062
107062
102717
103901
105086
102716
126420
137877
103901
144988
124444
112987
111012
114173
124049
105481
112988
114173
109038
109037
104297
110618
124445
129185
105086
103111
103902
157235
188050
105482
104691
104296
108247
103901
103506
109828
103506
107852
103901
103901
108248
104296
104296
110223
103902
103901
109432
107062
103901
103507
103506
109037
103111
103506
103507
103111
108642
106667
103902
112593
102716
103901
103507
103111
103506
103902
113383
160000
135901
112988
104296
103506
103112
106667
101926
103111
118519
103507
105877
103506
103111
117729
102321
144197
111802
104691
102321
103506
236247
124050
105087
105482
154469
122074
122470
120099
117729
136297
152099
111803
108247
105481
106271
174617
132741
97975
93235
120099
106271
93630
107062
95210
122470
92840
106667
109432
134321
93235
106272
134716
107062
116149
108642
104691
93235
120494
106667
107457
133531
109827
187260
167507
161975
176593
195556
163161
167901
252049
6563563
340543
18151528
267852
188445
175803
173433
183704
173038
173827
171457
169087
184889
176198
350420
189235
450766
188445
176988
188840
1219952
374519
556248
202271
119309
114173
136297
140642
158025
109038
112593
99951
100741
96791
101136
99951
114568
104691
101136
95605
96395
101531
101531
98371
101136
123260
102716
111407
97580
102321
105481
128000
113778
100740
99160
176197
161975
101531
97580
123654
103506
95605
96790
95605
96395
107062
116544
111802
98370
97580
99556
99161
110223
101136
101926
112592
110222
99161
94815
104296
96000
93630
94025
100346
94420
94815
91259
91260
95605
104692
95605
99160
98765
96396
93235
96395
92445
92445
91655
89679
91655
91260
91654
90469
92050
90469
90074
90074
90074
91655
98370
99556
93630
95210
97581
91654
98370
126814
112593
99161
98765
100741
153284
108247
116544
118914
98766
101531
126815
112197
125234
124444
114963
110618
126025
111803
111803
124840
111408
111013
125235
127210
123259
111408
98766
112198
124445
125630
124050
125235
96395
92839
94815
95605
93630
93629
178963
103507
107062
309729
119309
118519
186865
218864
133926
113383
110223
114963
126025
112988
112988
125235
125235
94815
96000
94815
94025
135506
122074
98765
94420
95210
94420
94814
95605
94815
96000
96395
95605
94025
94025
94025
94025
93234
93630
112592
125629
111407
101531
96395
95210
95605
94815
97976
93630
93234
96395
96000
95605
94815
96791
106272
94420
93629
93630
94815
93629
101136
124050
98766
94025
96000
94025
93234
94815
95605
93629
96000
99160
94024
94815
95210
96395
93630
94815
93235
100741
94815
94815
92840
108642
93630
96000
92839
94025
109827
118518
117728
125629
125630
123259
128395
115358
96790
94815
95605
95605
95210
93235
92839
97185
94815
95210
93235
96395
96000
95210
99555
94815
93630
92049
92050
95210
93235
95210
98765
95605
104296
98370
111802
126024
125235
110617
112197
121284
100741
92050
94815
94815
94815
93235
94815
93629
96000
96395
95605
94814
93235
93235
94420
94815
96395
92839
92839
92444
101531
101926
101531
96395
94815
108247
113383
263507
124445
124840
140642
94420
94025
94815
93630
93630
94814
99951
92840
100346
112592
114568
96395
94419
94815
96791
94025
94815
94815
94815
92050
95605
93235
94420
104296
93630
94815
95210
96395
98370
95605
94420
97976
95605
96000
93235
93234
94815
93235
101136
116544
124445
110617
112593
114568
96000
93235
94025
96395
124050
112198
124840
124050
112198
101136
102716
99951
96000
94815
94420
93235
127606
101136
92050
94815
95210
96000
95210
93630
97975
92839
93629
94420
94420
110222
111803
103902
96395
93235
94025
92840
97976
97581
92445
93630
93630
95605
95605
96000
99555
118913
111802
98370
124839
124444
124839
126025
114568
96396
94025
93235
93629
93235
92840
93235
96001
94815
94815
93629
94025
94420
94024
92445
97185
94815
94815
92050
94420
94420
94815
95605
96791
111013
98766
98370
126420
97976
98370
104692
124445
123260
202667
103902
97580
116148
97186
114568
98766
94025
97186
107457
105482
107062
103902
103901
100741
104296
100740
105481
117728
117728
101926
301827
578371
561383
212543
191605
197531
198716
193581
154074
117333
111012
103111
112988
103507
101926
146174
112198
99951
115753
119308
184099
107062
108247
109037
105482
108642
107852
107852
101136
102321
103506
101136
106666
107852
115753
103901
104297
101531
104691
96000
94815
95210
96395
92840
94815
116149
101926
93629
99161
126025
114568
96395
94419
95605
94420
95210
94420
95605
95606
94420
93235
95210
92839
94815
94815
94815
94814
95605
96000
94420
94815
93629
91654
93629
92445
100741
90470
98371
111803
126420
114173
97186
111013
125235
133136
120099
104691
91259
91654
95210
96395
113777
125630
123654
125234
112198
111802
125235
114568
98371
99161
96395
111012
109827
111803
124840
124840
119309
109828
99556
94815
97186
93235
98370
94420
94025
94025
94025
96395
94420
94815
99950
97185
112592
109827
112987
125234
112592
111802
111803
125235
128000
114568
112198
126025
113778
112198
131556
219260
162371
122470
152099
146173
149333
391901
252840
108642
90864
90075
90074
90865
94025
89284
89679
94420
91260
93235
89284
89680
89679
89679
89284
89679
90074
88889
90865
91654
92049
91654
93234
89284
89284
89680
88494
90074
89284
91654
90074
95605
91654
90470
88099
89284
90074
91655
88889
89679
96395
89679
89284
90074
89679
89679
88889
89679
91260
92444
91259
89680
89679
90074
89679
90074
89284
90074
112987
104296
89680
90864
89284
92445
124049
108247
94025
91655
92840
90074
90864
93235
89284
89284
89679
90469
91260
88494
90074
91260
94420
90469
92444
90074
94025
89679
89679
90074
90075
91654
89679
91260
97185
90074
90469
89679
89679
89284
89679
89680
89679
89679
92839
94024
93630
90074
90075
89679
90470
90469
89679
93235
94025
90469
99160
107852
90864
88889
90074
90074
91654
92049
94419
90469
91655
91260
94420
93630
90865
94815
90075
108642
89679
91259
91655
95605
143012
131951
96395
90074
90469
90074
91654
94420
94815
92444
92839
90074
92050
92445
90075
90074
90470
92445
90074
97186
92840
192000
153284
105482
101926
101135
126420
131161
97185
142617
231901
94025
94815
93235
93630
93630
92840
94815
95210
94815
93630
93630
93630
91654
91655
92445
94815
93630
92840
90865
91654
93234
92839
97580
92839
91654
99555
90865
90074
94420
89679
99161
97186
91259
92444
94420
92444
160000
101926
95605
93630
91260
92445
97185
91654
93234
92049
90864
92445
90469
91259
90865
93630
91259
91654
90470
90074
97580
91655
90074
91259
93235
90864
91259
91259
90865
91654
97185
92050
91655
93630
92445
91654
90864
90865
94025
90469
92839
97976
101926
90865
90074
90469
90469
90469
90075
89679
92445
96395
95210
90470
90074
90865
91654
92444
90074
91655
90864
90074
94420
94815
94419
96000
106272
89679
94025
92049
89284
112198
159605
109432
103507
96395
100740
90864
90865
93630
95605
92839
95605
90864
91654
97581
90864
89679
90074
90469
90469
90074
96790
96395
90865
91259
94024
90469
90865
119704
90074
96395
92840
97976
90469
92445
91260
92840
91260
90864
90864
92445
89679
93629
92049
90864
90074
90469
91655
92050
90469
91259
173038
110618
94815
109432
90864
91260
92445
92445
90470
90469
90865
92840
89679
114569
93630
88889
90074
91259
92049
140247
115753
121679
112593
101531
89284
93234
89679
91260
93235
94420
90074
94815
94815
96395
94420
90469
89680
95210
91655
92445
90470
90469
91655
90469
90864
89679
89679
97186
90864
90470
94025
94025
93630
90470
90469
90469
97185
92839
89679
94420
90470
91654
103901
91259
108642
94025
91654
91654
90865
89284
90075
90074
91654
97185
93630
94025
90470
90864
90469
92050
90469
201086
244148
222025
420346
217680
183704
173433
179753
173827
163556
167112
164346
171062
164346
164345
164346
164741
177778
162371
159210
160791
176593
135507
189235
206223
197136
182914
217679
178568
173828
162371
178173
215309
170667
163161
2723164
447606
204247
198716
171062
174618
171062
170667
171852
171852
170272
172642
176988
176988
169877
171852
169086
178569
167901
166716
171062
167902
217680
190420
161976
240988
178569
166321
313680
184890
191210
170667
174617
166717
165926
188444
175407
222815
201877
301037
280099
249284
206617
272988
208988
231111
133926
109432
102716
99161
97976
105482
102321
122865
90864
96395
94025
108247
112987
107062
101531
111803
100346
100346
95210
104296
117333
141433
124050
114963
95605
96395
117729
150124
95605
99555
102321
96000
97581
98766
105877
106272
98766
98370
108642
96000
102716
93630
99556
101136
97581
97581
111012
97580
100741
134716
124050
116148
115753
122470
121679
112197
110222
111013
118519
115358
109827
117334
111803
323556
184494
380050
183309
397037
181728
116938
111802
111802
115358
129186
135506
108642
103111
103506
177778
171852
103506
101531
106272
108642
102321
102716
103901
107852
102716
101926
109432
107456
101926
102716
118518
115753
108642
111803
107062
107457
116543
110618
112988
103506
101926
102716
102716
101926
102716
101926
123654
106666
102321
101926
102321
101926
102321
107852
106272
101531
108247
107457
103112
102321
101531
114963
97581
102716
102716
102321
107457
107457
102716
105086
101926
108247
134717
102716
106272
101926
141432
255210
112593
102321
99555
94419
96790
102717
101926
102321
107457
93235
94815
94025
94420
103506
96000
93629
97975
94420
94814
93630
94025
93630
108247
95210
94815
94815
94815
94419
94420
94025
98766
99556
94420
98766
94025
95210
96000
94420
99951
99951
95606
94420
95605
94420
94419
94815
94815
101136
104296
94815
95210
94815
100346
94420
97975
94025
97186
95605
94815
94815
119309
108247
100345
97580
94420
99950
328296
184494
178568
287210
110223
256791
231902
101136
104297
103506
107456
105086
113383
119309
103111
103506
105877
118124
109433
109037
125235
110617
109433
109432
108642
107062
103507
121284
109432
101531
102321
113778
103901
103902
103111
118518
103506
102716
102321
102321
102321
105087
101926
109432
103111
101531
103506
102716
185680
150124
142618
98766
100741
114173
117333
126419
127210
115359
98370
100740
123654
111802
122469
122865
126025
124050
109432
104296
104692
111408
116148
99555
91655
93630
93630
93235
92050
97185
93234
93235
98370
93629
93630
94420
93235
93235
95210
96000
97976
91655
93630
97581
118124
111408
126815
122865
106667
101136
97186
96790
110618
118519
127210
103112
103901
88099
90469
102321
101136
87309
103507
105482
142618
99951
83753
98766
144593
109038
109827
129975
128791
89284
102717
101136
115754
89284
115359
129975
127605
88099
101531
103901
87703
103111
101136
116543
87308
115753
128396
128000
87309
104296
103112
87309
132741
116939
122469
114173
120494
101531
103506
91655
88099
103111
101136
88098
128790
128396
88099
101926
103111
90470
115358
114964
130370
128395
86914
115359
116543
117728
107061
111407
88099
135111
90469
101136
87703
87704
112593
109828
102716
89679
102716
88098
101531
86914
87704
101927
102321
129581
103111
144593
101136
104692
90074
114568
100741
103507
129185
103901
144593
100740
104691
87703
130370
135506
130371
101136
89284
114173
101531
102717
87704
128790
129185
147754
118914
96790
92049
89679
89284
90075
91654
92444
90864
94815
92049
92049
93629
94815
100346
90864
93630
97185
101926
90864
94024
98765
97185
95210
90074
90864
98765
106271
111802
94025
92445
90074
90075
92445
92840
103507
101136
89284
89679
91259
94815
94025
92840
94025
92444
90469
90865
96000
94815
94025
91655
90074
97186
93235
94420
97580
94420
90074
88494
91655
98766
96395
97975
92445
89284
94025
94025
96791
92840
94420
101531
96396
99951
99556
93235
97185
91259
89284
94815
99161
96395
93630
89284
88889
92840
89284
90865
89679
92840
89284
95605
112198
129185
137087
126420
149729
225581
135111
97186
102321
133926
109432
118518
108247
107852
105877
121284
99555
106667
110222
105876
107456
107062
105877
109432
103902
97976
97975
104691
105876
110222
124839
109037
105877
89284
91655
90864
90469
94815
92840
93235
90074
89284
90074
88494
89284
89284
89680
91654
96000
90469
90074
90469
89679
89284
91259
92050
89284
106271
92444
111407
106667
117334
104297
93630
95210
101136
88889
87704
94025
125630
142223
104297
101136
113382
112592
92049
108247
100345
101531
83358
85333
89284
128395
101136
115358
114963
129975
90470
102321
101926
87704
87704
87704
114568
1149