53825249
5389438
9584209
2536299
2177187
1909730
1720891
1991508
1906175
1674669
1848496
2084348
1865878
1762372
1808990
2364052
2172842
2511411
2378669
1837434
1741039
1719311
1779360
2100545
2006916
1584595
2384596
1891953
1740644
1448298
1456199
1910916
1840199
1651360
1462915
1867064
1814916
1594076
1647804
1689286
1714175
1542718
1708249
1856002
1458964
1617385
1434866
1440002
1649780
2003360
1846125
1576298
1915657
2510226
2314670
1700348
1398916
1383507
1543508
1546274
1451853
1347558
1874175
1807805
1683360
1392990
1483854
1405632
1387458
1483063
1446717
1371656
1497286
1448693
1460150
1594076
1379953
1357828
1379163
1398915
1396940
1367705
1359409
1387853
1537977
1923953
1855212
1925533
1899459
1409977
1365335
1327013
1404446
1333335
2992597
2558028
1252742
1213236
1266175
1150816
1182026
1262619
1229039
1095903
1081680
1442767
1987163
1408002
1607113
1264594
1261829
1191113
1206520
1303310
1141335
1207310
1315557
1764742
1598026
1409187
1431705
1170174
1198619
1396940
1252742
1294619
1512298
2273583
1638718
1915656
1296199
1517039
1902619
1648199
1220347
1126322
1158718
1309236
1340841
1214817
1227459
1806224
1278026
1126323
1177285
1079705
1067854
1088396
1171359
1132249
1154372
1409582
1168199
1122767
1347952
1717730
1218767
1116051
1107754
1084841
1117236
1245631
1326619
1159902
1131458
1084446
1171359
1562866
1407606
1550619
1588940
1673484
1391409
1266964
1228643
1798718
1480693
1340446
1517039
1317137
1179656
1269335
1158323
1151212
1211655
1250767
1128297
1182027
1091557
1056396
2514176
2450175
1493336
2155459
1325039
1352693
1148446
1347952
1242470
1175310
1112891
1101433
1198224
1386273
1307261
1182816
1312001
1205730
1186767
6438329
1115656
1067063
1185186
1328199
1199409
1099063
1031902
1101038
1098273
1692051
1321483
1418273
1423409
1527311
2232496
2400793
1433285
1532447
1537977
1264594
1125137
1202965
1383507
1378767
1417088
1356644
2003755
1544298
1407607
1716151
1607904
1652940
1659261
1336891
1487805
1382323
1926718
1756842
1620546
1528101
1438421
1568001
1681780
1695212
2176003
2539065
2154274
1760792
1511903
1640298
1513879
1549039
1371261
1366125
1385879
1499261
1673879
1484644
1309631
1328199
1324249
1607508
1346767
1311606
1511113
1534422
1406816
1569187
1393779
1392989
1390619
1267360
1357434
1313582
1342027
1424199
1450668
1465286
3347362
2038126
1663212
1269730
2584102
1610273
1378767
1382322
1247607
1688101
2033780
1626076
1323063
1502026
1374817
1248001
1395359
1409976
1733533
1294619
1429730
2349040
2642966
1283162
1078125
1029927
1410767
1211261
1101038
1048890
1015705
1286323
1205730
1513484
2568694
1623706
1829929
1584594
1589335
1424199
1877336
1475557
1278026
1838225
2079607
1367706
1150421
1107359
1259459
1336891
1266569
1464100
3015114
1984397
1553780
1431310
1849286
1862719
1802669
1740249
1760398
1717730
1727212
9054825
1538767
1554174
1519409
2087508
1971755
1776595
1821237
1801088
1817286
1389434
1151606
1082470
1091162
1063507
1149236
1061137
1345977
1520595
1376792
1188347
1338471
1600397
1275261
1240100
1349533
1340446
1232199
1445138
1445532
1453039
1821237
5970180
1802669
1544298
1274471
2262521
1768693
1323459
1359014
1898669
1094717
1353879
1447508
1389039
1476743
1402076
1351903
2000595
1274866
1268150
1314767
1310816
1211655
1186767
1191508
1193878
1159507
1213236
1159507
1151607
1454224
2034965
2089089
1492150
1420644
1303310
1380742
1370865
1286717
1198223
1063508
1228644
1207310
1391409
2106076
1364150
1023606
972248
935113
902717
903507
907458
880989
898767
982519
1377187
2212743
1468051
1455409
1374422
1396150
1309631
1342026
1322273
1330175
1405236
1293434
1557335
1858373
1396544
1204940
1346767
1238520
1217187
1199409
1250372
1183211
1413533
1289878
1473977
1757631
1389829
1412743
1474767
1445532
1458570
1434075
1432496
1571162
1440002
1472792
1569977
1276841
1565631
1171359
1803854
1441977
1319113
1393385
1239705
1142915
1147261
1268150
1654126
2602275
1409977
1281186
1254718
2476250
1265780
1280396
1402866
1962669
1943706
1336100
1234174
1287903
1318323
1240890
1111310
1187953
1255113
1317138
1489384
1542718
1773039
1590125
1341236
2420942
7115465
1790027
2581732
1844150
1307656
1280397
1129483
1261038
1253138
1259064
1288298
1141729
1315952
995952
1040199
1712594
1725632
977779
973828
914569
934717
916940
903112
939457
927606
912594
1070619
940643
924840
1153581
1252347
1094322
994767
978174
934322
961977
919309
903902
914174
909828
893630
907853
1246421
1265385
1314372
1158718
1245236
1139755
1200594
1377977
1043754
1046125
913778
930372
913384
975013
944988
899162
879014
872693
899556
889285
992791
1886817
1591311
981729
923655
921285
899556
890075
1046520
1280001
2503509
1404051
1269335
1507557
2586077
2254225
1270125
1271705
1275261
1335310
1304496
1453829
1632002
1570768
1781336
1590521
1422224
1397335
1537187
1342817
1278421
1249581
1286322
1232594
1240891
1407212
1296595
1322668
1234174
1272496
1219952
1332545
1200594
1274866
1242471
1252742
1231804
1318322
1244446
1406816
1400890
1308051
1447507
1335705
1221927
1264199
1111705
1197434
1253137
1248397
1374026
1620545
1496495
1223508
1671508
1545483
3785486
2407904
2334818
3084645
1814521
1682175
1664002
1473977
1327804
1187952
1250767
1363754
1879705
3115461
1968990
1409582
1212841
1237730
1267754
1203359
1222323
1105779
1186767
1149236
1193878
1940151
2509436
1262619
1368101
1472792
1489384
1588150
1476347
1402471
1632001
3830523
1720101
2035360
2488892
1653730
3619955
1598817
1736694
1351903
1309631
2298077
1344002
1398520
1306076
1164643
1197829
1336890
1313582
1399706
1315162
1306076
1305286
1297779
1196643
1279606
1233384
1186372
1193482
1254322
1285928
1273681
1566816
1511113
1244446
1332150
1433681
1302125
1242471
1270125
1246816
1366916
1249582
1205730
1295409
2433188
2869732
1258668
1260249
1309236
1269730
1292249
1266570
1269730
1266570
1235754
2311114
1850076
1519014
1396940
1256693
1317927
1225088
1310026
1182421
1275656
1276050
1434076
2260941
1324249
1274866
1221928
1204544
1192298
1286718
1141335
1144100
1170965
1253533
1512298
1360200
1523755
1292643
1323458
1212446
1283162
1198223
1243656
1292249
1222718
1225483
1498471
1645829
1343607
55687968
12107076
1453829
1360199
1077730
1054421
1839015
1047310
950125
948940
935508
1065483
1976101
997137
1008989
958026
894816
927606
918915
890470
1429730
1357434
1409977
1526916
1495706
1577089
1741434
1093137
996741
948149
936297
1089977
1214422
1059952
985681
1109730
1028742
1131063
1101433
1005828
965927
1056791
2077238
1007013
935902
948544
1090371
1086026
973433
1096693
984100
856100
808298
796051
814223
834371
835161
857680
964741
894026
842272
836346
828840
827260
928791
856099
828840
840692
889680
1069433
907853
924050
886124
912199
865581
852544
855704
815013
839507
853334
842667
1032692
1078915
1003458
1153582
1264199
1224298
1045335
1135409
1057186
1050471
884939
848593
1299359
1874965
853729
1024001
852939
839903
1434076
882568
854520
838322
871112
868346
1572347
927211
892841
865977
1193088
1112495
929977
859260
867161
851359
837532
879804
867557
871903
874273
879803
862815
897581
886520
880594
869532
854519
965137
1225482
1095902
1141335
1151211
1086026
919309
890075
856495
829631
837531
850174
833186
863211
840297
835556
830421
855310
1113286
1347557
1156347
1137385
1205335
1385878
1306866
1330174
1086816
1224693
1147656
1208100
1114076
1586964
1698373
1135014
1126717
1153977
1153581
1179655
1122766
1438026
1418273
1272101
1291063
1192693
1353878
1594866
1300545
1157137
1219162
1185186
1239310
1159508
1204940
1231014
1264989
1489385
1349928
1349138
1416693
1263804
1193088
1206520
1191507
1084841
1710619
1294224
1089186
1394174
1203359
1306470
2035756
1182026
1217187
1161878
1155557
1201779
1114075
1189927
1257483
1196643
1277236
1248792
1247211
1553385
1178866
1240890
1215606
1180446
1302915
1295014
1169384
1156742
1104594
1167014
1088001
1021236
1135014
1705484
1227063
1097877
1151606
1192298
1008989
1138569
1286718
1391409
1081680
1227854
1243656
1233384
2490472
1872199
1213236
1125927
1176890
954470
936693
898371
908643
890075
908643
871902
887705
872692
846223
1241285
2384595
1020840
962767
912199
905483
916940
883360
870717
875458
938273
869927
867161
871112
881384
865581
933532
2058274
956841
901927
863606
877433
973433
890866
858866
858075
1077730
1088001
1771854
1093927
916940
936692
924841
890075
884149
1782520
1321879
1321088
1376792
1082470
1320693
1133038
1281187
1227064
1143310
1201384
1276841
986866
873482
967507
908643
860446
887704
926816
892445
895606
874273
890866
907458
926026
886124
880989
868347
1047309
2146768
1200594
992002
928002
906273
892840
867557
900741
897977
883755
892051
993186
964347
981335
926816
994766
915360
1095508
912198
903903
888890
913779
886915
915754
890075
871902
870322
926815
893236
904692
877433
916149
911013
924841
1150026
1171359
1361384
1134619
1104594
1213631
1251557
1127508
964742
943408
892840
872297
863606
873087
899952
1836249
1051656
1008199
1711804
973038
909434
862816
888100
914964
887704
1725632
961581
950125
922075
883754
1274866
1182026
899952
869532
902322
894816
883359
892446
886125
888495
949335
890865
907063
876248
979360
885730
874667
1026767
940643
903112
883754
878224
920890
939853
921285
889285
899557
894420
921285
943013
1281582
1462915
1570767
1266174
1289878
1357829
1278816
1299359
1141334
1123952
1112891
1175705
1265779
1191113
1203755
1112890
1187556
1654125
1646224
1165829
1171360
1199409
1190322
1244446
1216792
1274471
1104594
1234569
1147656
1131063
1261433
1635163
1160693
1191902
1168199
1213236
1125927
1273680
1213236
1197038
1145285
1151607
1266175
1273680
1323063
2145188
1304495
1400891
1204939
1313187
1166619
1195854
2092249
1120791
1176496
1300544
1479113
1278816
1144495
1073780
1221137
1164643
1391014
1230619
1208496
1171359
1184792
1233384
1215211
1921583
1388248
1217977
1379952
1432100
1275656
1476743
1465285
1766718
1308051
1457384
1498075
1584990
1128693
1245631
1041383
1251952
1279606
1306075
1300940
1307261
1155162
1456989
1455409
1904200
2415410
1381137
1205335
1233384
1293828
1068643
1011360
919309
909828
1084446
958421
930767
1362174
2206423
990816
873877
926816
915360
923261
918915
933136
901137
920495
1039013
978964
908248
888495
901927
1068248
2046422
1054421
960396
868741
932742
905877
845433
1564051
939062
866767
975409
882174
885730
858866
1728002
948149
888495
858075
891260
861631
882964
858865
841482
946569
1121582
1110915
1376397
1261434
1052841
1052446
1081680
1447508
1173730
1313187
1072199
990421
923260
869927
875458
853729
884149
1302125
1053631
1468842
1400100
1387853
2242373
1341631
1285927
1319112
1445927
1167804
1207310
1138964
1112495
1044939
1125138
1110125
1251952
1613039
1128298
1265779
1184791
1138570
1211261
1158717
1181236
1236545
1164249
1119212
1271705
1146470
1226668
1186372
1261829
1427755
1411557
1551805
1204940
1175706
1248001
1109335
1204545
1165434
1176495
1118026
1185582
1292644
1331755
1191902
1074569
1831508
1148051
997532
1146471
1170569
1159508
1070224
2129385
1098273
1062717
1206520
1127508
1231804
1212051
1167803
1199804
1241680
1233384
1029137
1111705
1139754
1533236
2241583
1924743
1920792
1507163
1230619
1261433
1139754
1142125
1172149
1252742
1629236
2744497
1298964
991606
951310
951310
923655
915754
897186
926420
899952
923260
905877
924050
954075
1223903
2574226
1154767
1091556
952495
929186
902717
961977
914964
935112
884939
909828
952100
913384
896791
1033482
1675458
1242471
1089581
943804
974619
907853
875458
897976
941828
875852
868742
843062
848989
934717
1017285
912594
1087211
2127410
1313187
2112003
1099853
1074569
1198224
1051261
981334
1155162
2079213
1041779
1066273
1229829
1148446
1108150
972643
900346
906668
905087
908248
887705
918520
890470
903112
879409
883755
880199
924050
971853
1451853
1265384
1204544
1100249
1246421
1130273
1108544
1144100
1070618
1067063
1258273
1157532
1202569
1174915
1346372
1171359
1163458
1121187
1162273
1146865
1174125
1306865
1082865
1120396
1149235
1136594
1103014
1381533
1593681
1208890
1152397
1317928
1302520
1202570
1226668
1351508
1310421
1240100
1289088
1455014
1422619
1223903
1180446
1078519
1039804
1072989
1094718
1135014
1070619
1081285
1109335
1248396
1274471
1217186
1835063
1104989
1095902
1222323
1231409
1128298
1219162
2033385
1185582
1102223
1278026
1246027
1219557
1431706
1568792
1272100
1156743
1030717
1100643
1138964
1221928
1216397
1273285
1114076
1042964
1104594
1151606
1713384
1421433
1206125
998717
1146471
1155557
1415113
1135014
1555755
1682965
1339261
1138569
1309632
2821534
1459360
1129878
1161088
1084841
934717
994371
924841
918520
933137
914964
920100
966322
882964
1570372
2282669
998717
911013
947754
911409
1027556
928001
904692
899952
955261
913779
917729
928791
912198
929582
1826373
1333730
935112
923655
942224
995952
895606
888100
1809385
950914
935112
899557
864396
860050
888100
973039
1639114
930371
909038
864791
1135409
1168199
1199804
1162272
1184396
1089977
1852051
1246027
1084446
991211
1940151
967112
931162
1005039
951705
918914
862026
897187
916150
913384
896791
859655
918914
891260
892841
875063
891655
1167409
919310
1132643
1063903
1114865
1163458
1121186
1233384
1273286
1107755
1157532
1202174
1134618
1110915
1464495
1216397
1299360
1371656
1303706
1175310
1185187
1082075
1240891
1152792
1180841
1186767
1232594
1473582
1504397
1221532
1178865
1125137
1154371
1176100
1204150
1244446
1090371
1133039
1948447
1276841
1395360
1097878
1071408
993977
882174
992001
995162
1704694
1121581
1074964
1238915
1143705
1149631
1410767
1364940
1133829
1265385
1054816
1018471
1152001
1191112
1141335
1195063
1144100
1216792
1163854
1435656
1185977
1472792
1060347
1135408
1119606
1231804
1047705
1039803
1152396
1310026
1350717
1172149
1212446
1200989
1153581
1537977
1522175
1227063
1153186
1187162
1221532
1206125
1287903
1705879
1170174
1365335
1202570
1326619
2562374
2048793
1044940
978569
1022816
977384
911013
901927
1014519
927211
907853
916544
928001
886519
1236940
2273978
981335
897977
909434
1654126
994372
932742
978174
916940
931161
1255508
1440792
1069433
2940053
1185187
980940
893236
893235
922470
891655
892051
1219557
1170174
1119607
1354274
1165433
970668
1117631
1004248
934717
888495
871112
896396
895211
886914
877038
1453829
1184002
1417878
1174124
965137
859261
869927
909433
1498866
1080890
944594
899162
865581
857285
858075
988446
884149
856099
839112
937878
1030322
946964
987261
890471
872298
1493730
1048890
899952
901137
884940
1214026
1185582
1135408
1140545
1095507
1280001
1311606
1263409
1255902
1744989
1388249
1333730
2059855
1255112
1125927
1151607
1157137
1270520
1216001
1204940
1110915
1095508
2706571
1346767
1084051
899161
1027952
1028347
927606
974224
1032298
1076149
1093928
1176495
1187952
1171359
1203755
1321878
1164249
1139359
1106569
1104198
1090372
1116841
1099063
1120792
1088001
1142915
1217977
1219557
1165433
1202174
1162273
1108940
1027162
1070619
1159902
1100643
1000298
1155162
1309236
1245236
1376792
1409582
1462125
1098668
1131063
1159903
1133433
1136594
1305286
1212841
1225483
1063903
1112100
1480693
1433681
2187065
1707854
1328989
1464891
1529286
1360200
1227458
1187162
1711410
1454619
1371261
1890373
1529286
1422619
1133828
1025976
975409
890075
2321385
1601187
945779
899557
998322
880594
864791
1342421
2226966
991606
948544
893236
920890
908643
905087
890865
900346
888100
932346
1007804
938668
854519
839507
1076939
2012052
936693
879013
852939
841877
856099
946964
999903
1025581
1042174
1097088
978174
1032297
980544
1037828
1183607
1046125
1005433
1040199
998718
1019656
986075
1076149
1006618
1142915
1017285
1176100
1020051
1199408
1246816
1579064
1283162
1264199
1159902
1079705
944199
931161
912199
969483
1693632
962371
921680
898371
857680
872297
913384
1383508
1733533
936692
1601977
935112
870717
1187557
1212841
1147656
1170964
1112891
1156347
1119212
1474372
1520990
1197829
1099458
1140150
1374817
1302520
1248792
1098668
1223508
1225088
1150421
1087211
1294618
1552990
1214026
1219952
1177285
1354668
1225483
1145680
1161088
1227853
1163063
1158718
1232199
1137384
1311212
1260643
1126322
1142125
1356249
1153581
1133434
1042174
1166618
1131063
1219952
1180445
1080496
1103408
1552595
1142520
1115261
1172545
1166224
1033878
1056001
1159903
1115261
1162273
1379558
1263804
1914076
1634767
1408001
1306866
1141335
1238125
1214026
1199409
1306471
1199014
2071311
1411162
1199408
1268940
1790421
1178470
1008989
1169780
1297384
1307655
1198618
1161483
1129483
1240495
1288298
1221928
1519014
2486521
1312397
1181236
4459462
1032298
903112
875852
894026
2634670
1015310
963161
917730
922470
929581
927606
893631
931952
904692
904297
898372
929581
1116841
1007014
2178768
1043754
952890
904297
887705
1100643
1126322
984891
935507
890866
897186
898767
1232989
1312397
1531656
1226273
1041384
1278421
1249977
955261
896791
953285
922075
1325434
950125
1131458
1066272
911013
899952
959211
1544298
1923558
972248
2137681
1000692
927211
916149
928792
1072594
1170569
1187952
1193483
1251952
1676644
1325038
1204544
1123557
1159507
1180051
1272891
1234569
1208495
1106174
1152397
1140939
1091557
1227063
1670718
1125137
1233779
1181236
1300940
1228249
1511113
1163458
1219952
1196249
1195458
1184397
1214816
1244051
1184002
1186372
1102619
1168594
1232594
1240100
1242866
1136199
1116051
1142520
1220347
1249187
1255507
1276446
1258668
1249186
1381137
1131458
1079705
1144891
1157927
1262619
1133433
1084050
1034667
1885631
1578273
1243656
1199014
1191903
1274471
1291853
1222717
1223903
1243260
2015212
1050865
1109730
1456595
1477928
1342027
1131063
1156742
1184002
1232990
1214421
1440792
1494520
1299754
1304891
1093533
1648199
3030917
1282371
1025976
1199409
1143705
1124742
1083261
1018075
973828
944199
1005434
941038
1425780
2294521
992396
926420
921680
938273
968298
900347
945779
910618
903507
868346
881384
890075
903903
894026
1134223
2097780
1026372
892050
871507
988446
892051
867162
869531
871507
898371
869137
914964
880989
898767
948149
880594
920494
1257088
941038
931952
1206125
1331755
1126717
1151607
1243261
1133828
1524940
2040496
983705
907458
1569187
979754
919705
906273
902717
885730
878224
898767
948545
1042964
1135014
1029532
1006619
998323
945384
1035458
947754
1355063
1218767
1103409
1039803
1174520
1082866
1153582
1147261
1127508
1089977
1127903
1099063
1154372
1152001
1566817
1094323
1110915
1121187
1217187
1352693
1190322
1151211
1079705
1131063
1085631
1079705
1128297
1173729
1737483
1168989
1205730
1168199
1190717
1166224
1240891
1183211
1184001
1156742
1136199
1167013
1250372
1253532
1144100
1771854
1232989
1183607
1206915
1248397
1139755
1300150
1239310
1270125
1281582
2125830
1401681
1224693
1108544
1175310
1236150
1141335
1206520
1249977
1384298
1168199
1208100
1249187
1224298
1502027
1246817
1084051
1149631
1125927
1289483
1055606
1131853
1106174
1103014
1095507
1199408
1370076
1245236
1992299
1295804
1066668
1007408
948149
940644
943804
881384
863606
947359
939457
897977
868347
912988
931162
863606
943409
2343904
1114076
958026
899162
938668
894421
899162
890865
1078520
912594
901927
878224
857285
862816
944989
1002273
1596446
1260248
1215211
936298
864791
868742
887705
873087
856495
847408
838322
835162
1600002
898371
894421
843853
1015705
888100
891261
864001
880594
865187
874273
870322
1250372
1190323
1221533
1257088
1257087
1208495
1296990
1354668
1505977
1105779
954865
867951
854125
861631
952890
892446
864792
860446
842273
854124
862025
871902
880989
865977
891261
1115656
2217089
943803
892050
857285
1284347
1178866
1019260
1093927
1146470
1035854
1125927
1176495
1128692
1284347
1648990
1131854
1327014
1091557
1138569
1144100
1044149
1080891
1189532
1161088
1131063
1578668
1261828
1687311
1275261
1323853
1332149
1206520
1152792
1185977
1127508
1943311
1174915
1143310
1170174
1197039
1283557
1294224
1135014
1200594
1176496
1130668
1204545
1135409
1227853
1182421
1208890
1332149
1236544
1289878
1146866
1180841
1079309
1156347
1169779
1069829
1111310
1177286
1189137
998718
1152001
1299360
1173335
1654916
1519014
1172150
1162668
1178865
1053236
1103409
1101039
1097877
1136199
1080100
1148841
1232989
1208101
1894323
1285928
1222323
1182026
1270915
1247212
1332940
1206915
1353088
1849682
1419063
1350717
1673088
2391706
1004249
948940
947754
1276841
986866
943409
884149
937878
920100
929582
940248
954076
877829
2914374
1185186
1057582
1167409
1230224
1284347
1140544
962372
898766
886519
895211
918519
882569
909828
997532
2197731
1201385
945384
919310
881384
867952
886125
871902
1047705
1035853
1062718
1070223
920495
951310
829630
944594
1015310
946174
1042965
938272
920100
955260
896791
870322
854124
844248
1149236
1176100
1296595
1140149
1227458
1434471
1035458
936692
892050
901532
864791
860445
860840
842668
856890
1125137
1195064
1227459
1158718
1123162
1119607
1711014
2032200
1211261
1236150
1163853
1299754
1189927
1155161
1257483
1138174
1152791
2121879
2152299
1515854
1381928
1488990
1505582
1861533
3653535
1400100
1297384
1212446
1285927
1468051
1327804
1314372
1475952
1859162
1651755
1321483
1362964
1319903
1194273
1296989
1269335
1236940
1161088
1119606
1131458
1153977
1150026
1066668
1172940
1124743
1132248
1207705
1152002
1392594
1069433
1056792
1181236
1086816
1189137
1274076
1183607
1237730
1180841
1199014
1098668
1116050
1113285
1138569
1649385
1275656
1187556
1267754
1541137
1354668
1332940
1389433
1381533
1294619
1500842
1538767
3223313
1906965
1984792
5170179
1443953
1515854
2123855
2559608
1426570
1449878
1810570
1187162
1248397
1118026
1009384
873087
1065088
1307261
1986373
2093039
982124
1068248
943013
942223
1025581
923656
1466470
1151211
1188347
1058767
944988
1127903
1905780
1596841
1183211
976989
914569
1097878
1276841
1421038
1409977
1213236
1237334
1059557
1134224
1495706
1161088
929186
926815
891260
897581
848594
1234570
1135804
1144890
1144100
1317927
970272
875063
846223
1021235
1970570
1383508
893236
892445
976989
934717
870717
859261
840298
843063
834372
1312396
1090371
1088001
929186
1089187
1438816
973828
858865
1630026
4643956
1041384
1586965
1014915
909038
905877
875853
951310
995952
897186
1057976
1182817
1147261
1120002
887705
877039
917730
954866
964742
976199
954470
934322
883359
985681
1166619
1047705
1024396
1049680
982520
909433
877433
846223
822914
859261
834372
835162
836742
837532
826865
835952
833977
820940
928396
1227063
932347
916939
848198
847014
823310
860840
840297
829236
837137
830025
835556
836742
848989
819754
828841
835952
805927
975013
871507
1598422
970272
894816
914964
1077730
1006223
909829
954471
1031507
939853
935112
924841
1792792
1173335
1273286
2701831
1260644
1188347
898767
865976
847408
843853
845829
822125
821335
854915
852939
832397
856100
1344001
1821632
1265384
1093532
1109335
1156347
1184001
1134224
1155557
1075754
1087606
1131458
1268149
1081680
1353088
1453829
1200594
1221137
1155162
1237729
1136594
1067853
1166619
1165038
1163854
1232594
1206915
1306076
1570372
1273285
1144100
1193878
1206520
1201779
1108545
1101039
1076149
1151211
1131064
1133038
1200199
1214026
1176100
1280002
1509533
1182816
1159508
1114470
1165829
1034273
1146471
1207706
1178866
1328594
1012544
1443557
2263312
1338076
1126718
1068248
1078520
1142520
1093137
1442767
1223903
1120002
1132248
1292644
2242373
1362175
1254718
1346372
1095903
1066668
967902
973829
1096298
1123162
1156347
982520
1025186
1174520
1629632
1259459
1085631
1292643
1172939
1050075
1113285
1186767
1249977
1264199
1296594
1620545
1232594
2038916
2584102
1024396
962371
930767
877828
865977
901137
921680
912988
887705
919705
901137
891260
883359
1368890
2194570
987655
915359
885730
918519
1537582
947359
915754
869532
865977
938668
903507
887705
874668
902717
1408001
1705879
891655
1471211
939458
892050
877038
850964
912594
884149
1396544
1255903
1003853
912199
855705
1035458
916545
916940
881384
884544
920494
892446
857680
859261
879804
853729
1181236
1172150
1209680
1033877
1185977
1080890
1360199
1165433
1438026
1036248
969088
907062
877828
875458
951705
892050
874273
871112
909433
896791
874272
855310
935902
1583805
1202570
1152791
1106570
1122767
1153976
990026
919704
877038
887704
894816
892050
887310
862421
1233384
1123162
1253928
965137
885335
922865
876643
850174
1055211
1171360
961186
936692
858470
1525730
971063
892051
853730
869532
963162
914569
897581
891260
896396
901927
1381927
1088002
1076544
1165434
1128692
1188743
1008594
935112
899557
881383
963557
1189137
952100
892050
881779
940248
1007804
991606
925235
896001
858865
896002
890470
903507
888495
874668
882569
916545
997137
1239706
1011754
889680
890865
873878
849778
894026
918914
894026
912199
917334
905877
903902
892050
894421
924841
864396
917729
898767
2103707
1933434
944198
1202174
1271310
1136199
950915
924841
908643
882174
871508
878223
854520
883754
1572743
926816
893631
866371
1061927
1106964
1152792
1106569
1306470
1257088
1455409
1200199
965532
1204545
1319113
923260
873088
987261
879804
852544
841483
919309
881779
901137
873482
868347
895211
882174
906273
886915
848199
1006619
1214421
922470
887705
937088
873483
887310
867161
886124
856495
858471
855705
899951
895606
907458
881384
872692
914964
1019656
925236
1038619
1374816
1416693
1251162
1105384
1029927
1014125
1277631
2068940
1629632
1191112
1366126
1300150
978569
892446
887310
886124
883359
867556
909828
908248
868347
1573532
961582
886520
884545
877828
892050
1137779
1341631
972643
906668
888889
861631
851359
852149
908643
881779
892840
860446
877828
891655
1008989
1101433
990421
1408397
1230224
1192298
1097483
1003853
1122767
1097878
1153976
1132248
1087211
1084840
1139755
1072989
1127113
2145188
1568792
1604743
1741829
1585385
1427755
1256693
1339260
1268545
1223903
1248002
1171755
1916447
1379162
1217186
1379162
1343606
1230618
1141730
1754866
1462915
1747755
2246323
1828348
1451853
1412347
1459360
1283952
1343211
1298174
1425384
1556545
1258273
1466076
1927508
1503212
2014422
1164248
1138570
1238520
1192692
1204544
1451063
1146471
1256298
1258273
1206520
1236150
1140940
1222717
1075360
1177285
1152002
1022816
1062717
1201779
1066668
1071013
1227458
1200594
1336100
1318717
1040989
1326224
1174125
1170570
1069433
1123162
1290669
1101433
1100248
975803
1131459
1081285
1025977
1338866
1357829
1143705
1135804
1167804
1122767
1315162
1135013
1175705
1104198
1075754
1174914
1314372
1169779
1817681
1627261
1448693
1291458
1204544
1143705
1428545
943408
916939
881779
867557
835162
841483
833582
978964
1975311
1798323
937088
918915
948544
1725631
978174
932742
885730
905878
898766
912593
887310
883359
1031903
1626867
1628841
974619
1040199
942223
911409
875062
882964
896001
865977
865977
886520
833186
844643
858075
867556
914569
890076
854125
850174
1306866
1202964
1154767
1168990
1296199
1192298
1222322
905483
842272
843458
861236
879409
922865
1228643
1060742
915359
888890
841878
861235
882569
867557
877433
914964
880593
860050
850964
835161
851754
850964
1170569
960791
2287015
1320298
1178470
1296594
1334520
1171360
1144495
1152792
1125928
1032693
1084051
1082075
2339953
1291458
1193483
1114470
1137384
1156742
1140149
1135408
1163063
1183607
1205730
1192298
1320693
1186371
1513483
1163853
1110124
1053235
1117236
1160298
1089976
1144100
1174125
1157927
1137384
1050471
1140149
1050471
1054026
1144890
1129483
1153186
1269730
1152791
1010965
1022421
1009384
1184792
1059557
1154372
1154371
1235359
1245631
1169779
1184792
1120397
1178470
1287507
1226668
1041779
1133829
1162273
1039803
1203754
1321483
1204149
1177285
1731557
1215606
1623706
1188347
1185187
1103804
1053235
1216792
1172940
1166224
1154767
1120396
1202174
2522078
1473977
1272496
2246323
1330174
1391804
1262224
1241681
1095507
956051
965927
879014
1091952
2474670
1035458
945779
928001
988051
893631
897581
1186371
1039014
965137
985285
905878
876643
860445
956446
1548248
1280792
923655
881384
927606
896001
881384
913779
855309
867161
1080890
939063
1095113
1150026
1212841
1292249
1163063
1163853
1190717
1120002
1195458
1353878
1263804
1631212
1135409
1104988
1192693
1229829
1667558
1606323
1227458
1112495
1157137
1156347
1547063
1135804
1119211
1089977
1057581
1018471
1105384
1088791
1224693
1978471
1102618
1088002
1117236
1141730
1914077
1101434
1089581
1256298
1181236
1187953
1114470
1368495
1170964
1137384
1317927
1105779
1175705
1170174
1208101
1155162
1100644
1272495
1092742
1185187
1134619
1263409
1973336
1209286
1197829
1142125
1273680
1183607
1196248
1183211
1185186
1163063
1186372
1171754
1150817
1340051
1177680
1170570
1110914
1151606
1187557
1193482
1207705
1168594
1221928
1175310
1203360
1141335
1591706
1266570
1260249
1230619
1131063
1010174
1036248
991606
1076150
1127903
1070223
1667558
1362570
1259854
1733928
1160693
1148446
1113285
1095112
1086816
1156742
1078915
1302915
1037434
1131063
2313879
1196643
1933435
1487409
1174519
1216001
1109730
1172940
1163458
980544
903112
917334
905483
947754
925631
920100
903902
1210470
2430422
1007013
914174
921285
893631
910618
879408
910223
902717
968298
991606
920100
904297
901927
860051
984495
1938966
958816
984100
889680
896791
907062
897186
896001
903112
1044940
930766
904692
930767
916149
886915
930766
1010570
916150
899952
886914
920100
911409
891656
961581
898371
1573137
1247212
1263804
1189138
1273680
983705
1084051
1299360
1155557
1049285
953285
924840
918125
881779
1643854
985285
919310
903112
942223
907853
908643
914569
967902
1708644
1541138
971063
906668
903902
1104199
1041779
1018075
1159112
1093137
1056791
1142520
1070224
1158322
1453829
1485039
1139754
1138174
1138174
1075359
1173335
1103804
912594
1173729
1141729
1178075
1135804
1118026
1305286
1591310
1107359
1035458
1114076
1307656
1144496
1241285
1132643
1123557
1109335
1136989
1158323
1120396
1143310
1232199
1114471
1083655
1115655
1156347
1124742
1320298
1629236
1165828
1093927
1182817
1229038
1114076
1455014
1275260
1274866
1212050
1140149
1181631
1169779
1145681
2000990
1162668
1180446
1030322
1132248
1656101
1211656
1200989
1106174
1130668
1148841
1022816
1001087
1099063
989236
1000297
1021631
1227853
1121187
987260
1536396
1561286
1162273
1039409
1191508
1140545
1104199
1114470
1167803
1086421
1304100
1297779
1462520
1739064
2851164
1297384
1171359
1138965
1170964
1074174
1000298
924840
935507
912199
885335
910224
903903
1266570
2383805
1075359
920890
899162
911408
893630
887705
917335
922866
890470
893236
1206125
1014915
921285
920495
1185977
1895114
930372
921285
919310
924840
920890
903902
929187
920100
1713385
938668
1175705
1086421
949729
986075
926816
929186
904297
899556
916939
913384
933137
880988
910618
939458
896002
864001
911013
1269730
1240100
1237730
1341632
1151211
1073384
1184001
1036643
980939
924050
893631
885335
915754
929581
892841
1200594
937483
884940
878224
946964
1766718
1414322
928001
911409
906273
928791
885729
918914
941828
941433
920890
931162
935112
889680
899951
920495
1292249
1353483
926816
923655
1278026
938668
920495
920100
894816
1064693
1103409
1113680
1175310
960001
1006619
943803
1002668
911803
1603162
935903
935113
915359
877828
858865
1064693
1008594
1045334
1293038
1338866
1172940
1189533
2209583
1218372
1212446
1103014
994767
912594
937877
1477533
1096693
895606
889680
909828
917729
887704
935902
1262224
1451459
930371
884544
901927
905482
930371
951705
960397
931951
950125
913779
878223
859260
929582
921285
876643
948939
1331755
979359
910223
945779
913384
890865
954470
888494
1095902
1172939
1185976
973434
930767
1306470
904692
959606
971853
944989
891655
898371
924445
910223
890075
878618
1438026
1366125
1181631
2163756
1215211
899161
924051
1202965
1005038
909433
905877
923260
891260
1018075
939853
910619
871902
892446
936298
888100
887704
900742
912593
909828
902322
1308446
1035853
920100
901137
978174
904297
927606
916545
880989
905087
916544
914174
913779
913383
933927
894026
913384
972643
943013
913383
935507
1152001
1021631
1073384
1010964
936297
897976
873482
918914
904692
870717
873482
933532
911409
903902
906668
911409
1268149
1249977
1045335
1488594
1126717
1032297
1103013
1164249
1166619
1210075
1060347
1006224
1013334
1307656
1733928
998717
926026
898371
917334
925235
893631
926816
896001
892445
899161
937878
957631
878223
898371
1061532
1431310
938668
894421
931952
908643
892841
909434
929977
908248
887310
889680
931952
904297
873482
904692
935507
945779
1359804
1156347
988051
964347
898766
904298
926421
921285
900742
923260
919309
898766
894421
884940
939063
905877
1112890
1202570
1323063
1265780
1050075
1329384
1133829
944593
937088
948150
1266570
946964
884149
886914
965532
905878
1376792
1315952
966322
912198
896396
926421
935903
877828
1608693
939853
880989
944989
896396
876248
971853
935112
954470
1440397
1044940
908643
888890
881384
950520
894816
896396
884149
914964
921285
871507
877433
1135408
1384298
1274865
1238519
1206520
1146471
1442767
1136594
1149631
1218371
1230618
1142520
1033878
1028742
925630
906273
896001
977384
1281582
1000297
931557
915755
892841
901927
933927
901532
866371
963162
901532
890075
1048890
918915
924445
921680
869136
1150026
1309631
1332544
961187
946174
902717
883754
858866
909828
901532
1084051
1205730
1148841
1086816
1127113
1230618
1989533
1220742
1206915
1186767
1151211
1138174
1598421
1133038
1050470
1082075
1144495
1181631
1343211
1544298
1273680
1178865
1246027
1078125
1199409
1136199
1063112
1227459
1142915
1135804
1115655
1123557
1223113
1144101
1137779
1099853
1088396
1110520
1075360
1140545
1111310
1128298
992001
1147656
1121977
1147261
1126718
1347162
1065877
1139755
1059162
1074964
1070618
1019261
1117236
1146866
1145680
1108940
1032693
978569
991606
1113285
1832298
1039409
1037038
1721682
1149631
1051260
997532
1163459
1220742
1393384
1274075
1182421
1049680
1172939
1709434
1277236
1176495
1937780
1006224
1138569
1073779
1120001
1217187
1446323
1364545
2352990
2727114
1280792
1147261
1083260
1217581
1000298
958421
911803
903112
901137
927606
861630
920495
880198
1009779
2060644
976989
918520
930372
892445
879408
899952
921285
871507
885334
882569
895211
858470
871507
904692
869137
1001483
988446
1016100
985680
882174
869137
892050
878223
847014
896002
904298
860841
863606
851754
857285
917335
880989
885730
1051655
1724052
1149631
1063112
1266175
1128297
1028347
957236
912989
935507
863211
879013
852149
851359
858470
1683360
1285532
1014914
967508
914569
889680
869927
869532
888890
876248
890075
905878
862816
865976
887309
846618
843063
1090372
1229433
2401583
1093533
1053236
1093927
1142520
1069038
1142125
1189532
1102224
1071014
1142520
1217581
1145680
1309236
1137779
1271310
1161878
1063112
1113680
1156347
1121582
1088001
1100643
1280002
1103804
1120396
1156347
1311606
1553385
1214421
1222322
1129483
1208100
1170569
1091161
1163853
1293434
1161088
1142520
1140939
1639113
1145285
1031507
1169384
1115260
979360
1142915
1203359
1298174
1429335
1421433
1432495
1309236
1229039
2508645
1240496
1155952
1155162
1170174
1340051
1185976
1154766
1150421
1136989
1219557
1106964
1155161
1665977
1073779
1061137
1082076
1211261
1001878
1010964
1064692
1045729
1071013
1542322
1463705
1167803
1381532
2030225
1127508
1166619
1219557
1139360
980544
1114470
963557
895211
857285
1027952
920495
918915
896001
880594
1228644
2142817
984890
891656
917730
980939
939458
952495
937878
862026
946964
889680
865976
857680
841878
838322
869532
2136891
989236
903903
855705
822519
982914
892841
858865
850173
914569
1030322
1050866
1022421
1014520
1758422
1187952
987656
874668
850569
880199
1101829
1130273
1052841
1004248
1244841
1140150
1119211
1108939
1080100
922865
869136
964742
1180841
914964
887704
844248
1004249
860051
836742
836741
846618
874668
836742
838322
853334
839902
841087
847408
859260
827260
1429730
1590125
1238125
1168594
1397730
1141335
1100248
1216002
1130273
1101434
1065878
1091952
1101038
1216002
1858373
1406422
1153582
1091952
1187557
1044545
1103014
1085631
1161088
1581434
1136594
1123161
1091952
1608693
1296199
1176495
1093137
1119606
1159508
1235755
1216792
1207310
1161482
1891162
1034668
1039409
1274075
1178865
1188742
1328594
1249186
1129088
1205334
1191507
1195459
1181236
1103804
1218767
1005433
1161878
1459755
1295013
1133828
1192298
1268150
1240496
1034668
1060742
977384
1025582
998717
981335
1131853
1085631
1204545
1428940
1187557
1042569
1003063
942223
1125928
1140544
1095903
1103804
1169779
1139754
1045730
1117631
1114865
1507162
1729583
1312002
1103013
1126718
1368495
1554174
1376002
1231409
1213236
1042569
901137
909828
1315952
2291756
1342422
962371
891260
994371
933137
939458
894026
845433
844248
894421
891655
850964
1665583
930767
1274076
1734718
959211
890075
871902
965137
942618
916544
912593
895606
889681
838717
887705
875853
852149
881778
952100
944198
854125
872693
882174
913778
884149
860841
1166224
996742
1167409
1261829
1119212
1251952
1296989
1261039
1202174
1400890
939458
905482
889285
875853
998322
1109334
1127113
1056396
1063507
1088791
1123556
989236
920495
867161
1024396
1672694
1449088
904297
867162
1084841
1027952
1119211
1205730
1541927
1136989
1063902
1140939
1077335
1116446
1577088
1130668
1172940
1106964
1400891
1405236
1364545
1274076
2047212
1305681
1278026
1485434
1657286
1236149
1501631
1408791
1316347
1366915
1135014
1824003
1757237
1352298
1247212
1095112
1088791
1242076
1162668
903507
961582
977779
1140544
1101433
1080100
1188347
1099458
1178076
1103804
1147656
1073779
1146076
1052050
1134619
1168594
1023211
1148050
1140149
1120792
1016890
1086816
1063902
1001483
1002273
1052051
1364545
1359804
1185976
1047705
1075359
1043360
1078125
1078125
1128693
1038224
1219557
1099063
1112890
1072989
1391014
1719706
1346372
1144890
1233384
1131063
1009384
1103014
1400100
1118817
1152791
1201779
1334520
1136989
4604055
1409977
1095113
1178471
1044544
986866
915754
882569
871112
929186
891655
860446
890470
948939
1780151
1673088
956445
895606
885335
934718
858865
856495
873878
854125
882964
864791
880198
871507
900741
857680
952890
1728792
1116051
835162
832791
848199
830026
832396
852940
837532
828445
813038
829236
836742
923655
919310
879804
866767
900347
926421
877433
976989
854124
872297
847013
847013
827655
830816
845433
1146865
899952
844248
1081680
1205730
1199014
1182026
1283952
1240495
975804
918914
895606
848988
845828
1545878
980940
931951
938668
1146470
1354273
1172939
1247607
1786076
1712200
1133829
1086421
1172150
1189928
1174520
1148841
1243260
1029532
1201384
1173730
1130273
1248001
1440001
1136594
1135804
1178075
1098273
1137779
1174915
1067853
1160692
1186767
1134223
1257878
1149236
1165828
1137779
1206124
1152791
1308841
1188347
1123557
1287507
1146470
1140150
1167409
1169780
1237730
1392990
1330174
1377187
1460150
1407607
1289088
1308051
1399705
1366125
1217977
1276051
1590915
1255113
1954373
1211261
1188742
1183606
1264594
1148445
1201779
1098668
1103409
1129088
1223112
1125532
1788447
1424989
1080495
1102619
1100248
1297780
1020446
1138174
1099063
1114075
1149631
1139359
1272891
1253137
1332149
1817286
1625681
1251557
1296990
1167408
1101039
990026
1276051
1268149
1001878
944989
935507
893630
846223
1005828
2680497
1072594
914964
895211
880198
912594
876248
875458
894026
918124
850964
843458
890865
885729
819754
817779
1268149
2249879
930767
869927
891260
878223
856100
866767
922866
878224
873088
851754
847804
1140940
891260
844248
1351508
1362964
1112100
1005434
1165829
1212051
933137
880594
894421
846618
816594
1481088
909433
879409
878618
999902
1407212
1461730
967112
873878
870322
965927
1014124
944594
1001088
964742
1027557
1086421
1022816
1001878
1181632
1001088
1615409
2209188
1220742
1071409
1215606
1140939
1168199
1166224
1067853
1121582
1288693
1190323
1223508
1626866
1155557
1162273
1266569
1352298
1295014
1392595
1318718
1249977
1551805
1343212
1172545
1454224
1514273
1168990
1214421
1117236
1059557
1152002
1173730
1145285
1104199
1274075
1072199
1086421
1539163
1311606
1110915
1050471
1106174
1173730
1222718
1027162
1138569
1099458
1125137
1223113
1189532
1203360
1882077
1302916
1068643
1054816
1084841
1175705
1176495
1007409
1115261
1139755
1274866
1135804
1058372
1106174
1167409
1628842
1052051
937877
1078520
1082470
1052840
1281186
1164248
1187557
1133434
1106964
1144100
1029928
1189927
1487015
1805039
1425385
1127902
1206915
1256298
1011360
1581039
1293433
1005038
916939
885729
872692
901137
1022026
1628447
1675063
968298
895606
903902
929976
911804
912988
909433
855309
1028742
1005433
961187
859261
912199
1356248
1922372
902717
913779
875853
899161
978964
950124
870322
856890
830816
874668
1032297
991606
1888397
1037433
1105779
1038224
1069829
1068248
1150026
1004248
1264594
1185976
1244446
1090372
1239310
1098273
1122766
1082471
1063112
1254718
980149
899557
863606
858075
862025
838717
842667
835951
837137
865582
823705
844643
835556
841482
833976
851359
841087
875853
1374422
1885237
1315557
974224
1067063
879409
872693
865582
844643
875063
858471
876248
868741
832001
864791
863606
992396
1121976
1159903
1056791
998322
1009779
1067063
1545484
1106964
933927
1055606
1213631
1056397
941038
943408
1110520
1181631
1139754
1122371
1178471
1214026
2323361
1237730
1080496
1123162
967507
1048100
1138569
1022026
1310817
1496101
1074569
1082076
955656
843063
862026
876248
828841
899162
991606
873877
845433
871507
918124
923261
866767
1157533
1284347
885729
843458
839112
869137
832001
816594
830815
851754
853729
856890
827261
855310
905482
879803
849779
849779
883359
1146075
1100644
1138174
1110125
941828
898371
924050
1052051
979754
915359
919705
1205730
1368100
1092742
1101433
2073287
1156347
892445
871507
853334
853334
841878
943803
922075
883359
1050470
948544
1198619
5009784
2381435
1828743
6513391
1225483
1089581
1046125
1456595
1825582
1338076
1268939
1285532
1243656
1236150
1268940
1342026
1308446
1280002
1236940
1611064
1296199
1266570
1188347
1021631
1160693
1044149
1074569
1060347
1272891
1188347
1360989
1303311
1043359
1053236
1245236
1104989
990421
1015310
976199
1006224
1012544
956840
1145286
1045335
1083655
1066668
1041384
945779
864001
857285
1011359
1088396
848594
831606
835161
854124
827655
840692
899161
1528891
909828
845433
838717
839112
826075
819754
835557
847013
1007013
865976
887310
860446
851359
845433
1507953
946964
853730
870717
858865
873482
853334
865581
843062
843458
856495
870717
896791
832396
854519
842272
841482
835161
843853
1022816
1089187
958421
1218372
1126322
1109730
1152001
1091952
1095113
1086816
1761582
1279606
1124743
939062
958421
901532
875853
852940
850964
848593
868347
860051
848594
885335
855705
813433
819754
1148841
1321483
882174
831211
859655
995952
844248
834766
854519
1164643
1278816
20479629
2959016
1893928
1766718
1810570
1781335
1884051
44107114
2141632
2014422
1948841
2255015
2161385
2252645
2699065
2155064
4272202
2233681
2092249
2068150
3171954
2022719
1658866
1769484
1660051
1399705
1671903
1511113
1475557
1869040
1640298
1579853
1465286
1453829
1423014
1724446
1584199
1475162
1432890
1365730
1332150
1295804
1373236
1321878
1385483
1189532
1434471
1385878
1408001
1378372
1291458
1345976
1467656
1469236
1404841
1470026
1405631
1540743
1453434
1413138
1395755
1385088
1402866
1257878
1101434
1174125
1123952
1168199
1138964
1239705
1214421
1332545
1230619
1778965
1141335
1151211
1163853
1355064
1300940
1158322
1181631
1191902
1125532
1123162
1201384
1073384
1200594
1093137
1096297
1891953
1022026
1477928
1075359
1057977
1219557
1141730
1185187
1063112
964741
935113
1039013
1014915
1176100
1136989
1129878
1641483
5090376
5036253
1068644
837532
817384
822520
809878
804742
1471211
2098570
1030718
891261
878619
873483
842668
825680
821730
845828
842667
818174
830421
4589438
43252989
31439840
1888002
1882472
1810965
1737878
2104101
1620940
1515459
1512298
4204252
1678224
1653730
1735113
1901434
1695212
1595656
1697582
4733636
1976101
1911311
1907361
2489287
1884447
1821237
1728002
3223707
1840594
1825977
1585780
1941731
1641879
1922768
15040808
3759807
1903015
1746570
2006521
1790422
1765533
2337978
1940151
3561091
2032595
2330077
2125039
1914471
2151508
1332940
1372446
2173633
1258668
1133434
1079705
993977
1082075
1123952
1096693
1017286
1267755
1055211
1059952
1097878
1549829
2149534
1947657
1950818
3991709
1763162
1878916
1213631
1138964
1127903
1027162
1099063
1148841
1134224
1133828
1098273
1113681
1044939
1034273
1280792
1725237
1213631
1207310
1289088
1235359
1184397
1185187
1746175
1180840
1169384
1158717
1134618
1517434
1933434
1569582
1447113
1159113
976989
1119606
988051
929976
928396
949334
884545
1658866
1286323
1584595
1608693
2032595
1825978
1195459
1197039
1068643
1157532
1092742
1096297
1129878
1582224
1820447
1404841
1304100
1345187
1246421
1281977
1151212
1218372
1234174
1108545
1086816
1236150
1863113
1290273
1524150
1319903
1084841
1025187
1034273
1109334
1146076
1083655
1161878
1243261
2762275
1137779
1010569
1061137
1134224
1126322
1165434
1187162
1149631
1119211
1126717
1319113
1820447
2017582
1861138
1780150
1132643
1048890
1548643
1067853
1006223
951705
1039013
1050866
946174
979360
984495
2068546
1507952
1061533
1008199
954865
1047310
1078914
984495
2121879
1185582
1408792
1082471
1008594
1232989
1704298
1035063
963162
1055211
1041779
1043754
1006224
1008989
1156742
1835854
1374027
1070223
1079705
1209286
1063903
971458
1008198
1076149
1054421
1061137
1202570
1352693
2030620
2621633
6852749
1440396
1517434
1495705
1346767
1295409
1330175
1486224
1393779
1564447
1878521
1491360
1673484
1440002
1504002
1702323
1394174
1566816
1667162
1445927
2205632
1576694
1746174
1513088
1310421
2221435
1411162
1432890
1387063
1675853
1980842
1556150
1588150
1376397
1510718
1366125
1643064
1316347
1335310
1394964
1446323
1218767
1296594
2481386
1451064
1321088
1365335
1461335
1658471
1520990
1402076
1724841
1768298
1903409
3000892
1543508
1499656
1449483
1621730
1473977
1515854
1754866
2371163
30312332
2342324
1837829
1400495
1230619
1286322
1317928
1224298
1245237
1287508
1163458
1177681
1565236
3020251
1810175
1586965
1443952
1378372
1352297
1230618
1170175
1199409
1259459
1761582
1944101
1041384
1013335
1002668
956841
1018470
1051656
1155952
950520
1009384
1150421
3800498
1716150
1682175
1486619
1139754
1045335
1049681
1154766
1080890
1270915
1782521
1302915
1704693
2983510
1093137
1112100
1088397
1054816
1831508
1286718
3426770
3428350
1571557
1515854
1619360
1591705
1567211
1653731
1665978
1918422
1645829
2435953
1484644
1667558
1737484
1694817
1520594
1445532
1417878
1418273
1351112
1579853
1336100
1410372
1698767
1647804
1643853
1277631
1388644
1796348
1607508
1717335
1436841
1488594
1754866
1899854
1885632
1490964
1672693
1696792
1396150
1726027
1416297
1357434
1227854
1521384
1303705
1332940
1438027
1348742
1392989
1343211
2108842
1500446
1395755
1430520
1656495
1681385
1442372
1415902
1473582
1706668
1355063
1455409
1523755
1534422
1672694
1691656
2292151
27928132
2309534
3951807
2106076
1886027
1231013
1145680
1400496
3248597
1472002
1672694
1245236
1576693
3514078
1903015
1459754
3835264
1551409
1375211
1282767
1257483
1193087
1101039
1002273
1023211
1022421
1119606
983309
2058670
1723656
1142125
1031113
1053631
1040594
1050470
1222323
1177681
1175705
1319902
1658866
2052348
1302915
1175705
1230224
1219557
1197434
1150421
1263409
1211261
1143705
1572348
2328102
13091966
2881584
1606718
3220152
2358127
1094717
1054421
1086026
1244050
1206125
1098668
1308842
1325828
1195063
1969385
1297385
1169384
1219952
1170965
1274470
1293829
1409977
2392497
1894718
1116840
1195853
1036643
992396
1026372
1085631
1034273
1008199
1046125
1052051
1099458
956841
965137
972643
968298
953680
906668
1014124
946174
944198
950915
984495
938668
936297
954075
934717
1398915
1370471
1364150
1252348
1453039
1106569
1759607
1530866
1038619
943013
982125
1043754
954075
932347
957235
1004248
1061137
923260
943013
1013334
1076149
1130273
1869829
1121186
1086816
1235755
1980842
1237335
1189138
946174
870717
953680
5259858
965532
981730
1381927
997137
896001
865976
840297
843457
878223
815408
832001
914569
800791
1589336
1001877
1031112
969878
821334
920890
1314372
1230619
1323853
1268940
1743410
963952
951309
843458
829631
918124
811457
832791
1217976
1680989
1147260
998322
1066668
1140544
982125
2817189
1202964
1191508
894816
828446
853730
945779
1405236
1441187
1145680
993977
931161
1002668
1035458
1020841
919705
958816
941828
977779
936692
986470
918124
944989
1174520
1105384
979754
943804
893236
1400890
1032692
928001
922865
916544
939063
969088
882964
891261
937878
903508
1143705
1109335
1238520
1489385
1283952
1381928
1022026
972643
881384
1578669
941828
943013
929977
960396
957631
1086817
1424989
910224
961186
1027952
1025976
916939
1093532
948150
932347
934717
1037038
1135014
1717731
1407607
2379460
1143310
1036643
1042569
889285
896791
838717
883359
846223
852544
931952
805927
1023606
974224
983705
879013
862025
888100
856890
819754
914174
854520
854915
897581
816989
801977
920100
796050
834767
889285
1274866
2263706
1471212
2955460
1123162
924841
988840
974224
982914
906273
956445
908643
1125927
914964
942618
960791
937483
885730
1130669
1450273
1030717
941433
1556150
852149
930766
954075
890075
1163853
1090372
990421
946569
949729
951309
931162
1282372
1099853
956050
933137
913384
1088791
940643
952495
950125
944989
1070619
1040198
926421
977384
922865
1219557
1112890
1047705
1010174
973828
899161
897976
954075
919705
895211
818964
1150421
1052446
1025187
1162668
1291853
2024298
1878521
1146470
1074174
1092742
956446
926421
1054026
964742
1615805
985286
887705
827261
835952
940248
800791
1054816
1319903
939458
862026
858075
868347
843457
943409
1236545
1242076
1408792
1300544
1323458
1140150
2006916
1632397
1024396
1014125
960397
1302520
1042964
957631
946174
910618
943408
886519
848989
866767
912594
940643
964742
951705
940643
920100
879803
901532
1180050
1354669
1150421
1356644
1046125
1008198
905483
978174
946569
921680
1009384
1248001
1007013
1051656
1081680
997532
963952
982520
930371
930371
973828
909433
874273
897186
920890
951309
880594
1006224
1453039
1687311
1368890
1345186
915754
917730
883359
815408
967902
847013
838717
822914
926026
805137
841087
938668
926421
897186
1240890
1038619
920100
1037039
961582
1558125
974223
926026
951310
919310
981729
990816
977779
905087
960001
954075
1423409
1369286
1052051
988050
947359
887705
906273
839903
942223
884149
857680
968297
941038
887705
968692
1091952
1042174
916149
902322
914964
919310
865186
898371
925235
933532
872297
926026
944989
911803
889285
949730
918519
1015310
1635952
1343606
1345582
1186372
1143705
1298570
1144890
1816496
1135804
1000693
1050075
1081680
1200199
1255112
1483853
1093137
885730
976594
974223
1034273
1038618
1015310
983705
964346
959606
985680
970668
1147260
1257483
2284250
1282767
1683360
1049285
972643
976989
937877
952495
897977
913384
1000692
1051261
940248
916149
1613829
1303310
922865
853334
980544
954470
895211
903902
923656
1097483
1007014
890075
1158323
1227063
1158717
1270915
1793582
1242471
1246026
1267360
1269335
1370471
1329385
1202569
1349532
1251557
1294224
1113285
1750521
1216397
1330965
1182817
1268940
1297385
1450668
1294224
2320595
1286322
1227853
1412348
1341236
1334520
1408001
1243260
1316347
1233779
1144101
1355063
1232989
1251162
1184397
1232199
1306471
1211261
1104199
1146076
1206125
1215607
1191902
2328497
1272100
1304496
1331360
1335310
1458175
1701533
1400495
1293434
1378767
1393385
1399310
1322273
1412742
1582224
1371655
1343606
1498076
2105286
1386274
1280001
1386273
1327804
1228644
1353483
1293039
1338075
1323458
1535606
1868249
1656496
1327804
1317533
1278816
1360200
1247606
1164643
1280396
1621336
1517039
3479708
30479443
2712497
2055509
1331360
1271310
1333730
1435656
1291458
1266965
3369881
2550127
2132151
1428150
1371656
1533631
1386274
1434471
1516644
2157435
1451459
1452644
2837337
1361384
1264989
1314372
1308051
1504002
1579854
1250767
1310422
1267359
1345187
2916744
1144890
1220347
1221533
1428149
1445532
1268545
1214816
1170964
1177680
1206520
1372446
1342816
1299755
1268150
1300544
1319507
1442767
1703508
1682175
1181235
1084050
1100643
1147261
1528496
1423409
1428150
1289878
1214421
3533437
1608693
1282767
1131853
1210075
1338471
1622521
1315952
1364150
1471212
1229829
1128298
1165828
1166619
1185186
1225483
1328594
1187557
1279211
1349138
2023113
1479113
1339260
1277236
1255507
1251557
1315162
1208496
1507557
1423014
1359409
1387063
1582225
2592003
1712990
1728002
1349928
1354668
1410372
1253532
1186766
1536792
2312694
2587262
1986767
1114471
1261434
1099063
1007409
1035853
1072594
1130273
1154372
2133336
1097088
1023606
998717
961977
1019655
1045730
982915
1057187
1097087
1061137
1045729
1007014
995952
1229038
1132249
1007013
1076150
1157927
1118421
1085236
1053236
1031113
1074174
1186767
1037038
1093137
1232199
1419064
2989435
1788051
1649779
1352298
1287113
1243261
1155952
1216792
1153581
1469631
2782818
1757237
1248791
1206125
1211656
1238125
1219557
1153187
1205335
1181631
1297385
1134223
1250371
2232892
1274075
1393384
1089186
998717
1091557
1194273
1032693
1065088
1150816
1460149
1226273
1888002
1105779
1012149
1174520
1251162
1633187
1150421
1075755
1048100
1041779
1202569
1411557
1563262
1520594
2503509
1654521
1806225
1098273
1095508
1199803
1247607
1104594
1100248
1099063
1030323
998323
1268545
1669928
1024396
1103409
1136199
1092742
1079310
1122372
1171359
1118421
1286322
1068248
1068248
1038224
904693
1664001
1088001
1069828
1014520
889680
1000693
1014124
1174125
1719311
968298
1029927
856100
989631
1045729
939063
1037038
905878
1096298
1026767
944593
1013334
1167014
1426570
1981237
1306865
1189927
1208891
1246026
1266174
1326223
1033088
837531
1456199
830421
831606
829235
808692
832396
834371
788149
770767
917334
801581
801582
798026
788544
820149
835557
1140545
870322
802767
752199
739557
752989
775507
784989
769581
809087
873482
868741
1124347
1048890
1010569
931952
1140939
1076545
1142915
929581
1033878
889680
906272
938273
921680
1046915
1049680
1196644
1043754
1011754
983310
913384
1895508
1094322
957236
904692
1127508
987655
940643
898372
1212841
916940
1167013
922470
1156742
1136989
1250372
969087
971063
913384
1227458
896791
1054421
918915
992791
1229434
1048890
1763163
1016890
961581
1040989
1110520
1201779
1167409
1238520
1149631
1192298
1188347
922075
988445
1150816
980939
950520
1031112
956446
952099
903903
950520
1044149
990421
900347
896396
899951
888890
884939
1060742
997137
1198224
1037433
1198224
1156347
1061532
1092742
1053630
911408
855310
921285
1011359
950124
927606
840692
901532
793285
810668
757334
1147656
790125
789335
765236
749038
772742
797236
796446
774717
761284
818174
882964
1184792
854519
813433
1142520
854520
987656
2417781
2394867
881779
809482
796050
769581
732446
1340841
890470
796445
905877
973828
958816
1070618
1086421
1014520
1082865
1040988
1103013
1045334
1014914
1058371
1022026
1005039
1197829
1273680
1063507
1105779
1110915
1071409
1007409
1032693
1094717
1041779
1149236
924840
952495
1041779
1125928
1081680
1580249
1095113
1163458
1107754
1013730
1075755
1024396
1041383
1042964
1025582
967507
928396
1036248
1042964
1791212
1047705
972643
1007408
1018866
1102618
926421
1151212
977779
984100
1074569
943014
1031112
1225483
1030322
970668
1343212
1144890
959606
966717
1142520
924841
1151607
1192693
1062717
1038619
2040891
1005828
941038
1098273
948544
1253137
1330174
1216396
927607
1097482
1054816
988445
1012940
1002668
1010570
1609878
1207706
1104594
1114470
1211261
3175115
1222322
1060742
993581
1045730
965532
973433
829236
948150
782224
792495
802767
727310
774717
781038
1167409
1532841
1291853
818568
815803
783013
794075
815803
807112
722963
871112
878224
1317928
935113
855705
926816
893631
823705
957236
1961878
832001
773532
789334
819754
800001
782223
795656
813038
815409
929582
1020840
1208890
1091951
829631
830026
915754
931557
802371
1399310
840297
835162
824889
785779
799606
832397
810668
991211
918125
952100
999112
995952
1084051
1084051
1358619
1193483
875853
835162
809088
764050
790519
846223
807902
776693
849384
816594
813829
824890
843458
837927
826865
788939
828445
972643
1253137
888890
842272
847803
854124
839112
847014
1097483
922075
852939
833582
1459360
866371
818964
818569
836741
828446
931162
835952
843062
843063
789730
856100
820545
1027162
1077335
1216001
890866
830421
775507
803556
835556
832791
805926
801976
823309
976593
820149
1536397
855309
857285
1197828
1064298
972248
1063112
1052841
1007013
925236
866371
821334
841877
790914
814223
967507
1093137
854914
892840
836742
798026
843458
847803
854519
811457
826470
859260
845828
817384
805532
829235
845828
808298
826865
914569
833977
869137
850568
869532
832001
800396
837927
850174
826865
810273
827656
1187162
869137
831606
830421
853729
837136
901137
835557
812643
860050
1700743
1130668
1084840
1150026
1048891
862026
852544
841877
773532
828446
842668
821335
797236
869927
839112
984495
1456989
1724052
870717
831210
814223
805927
828841
830026
850568
793680
841483
834767
823310
793680
852149
847013
832396
1302520
1239705
838322
815014
785384
831211
821729
817383
808297
823309
831606
819359
790124
844248
839508
819754
793285
830816
1028347
982520
813038
820544
830025
819754
824890
809482
826075
846223
890865
1406421
861630
835162
798026
810668
823310
836347
996347
1245236
1291853
1038619
969088
1095112
1095508
1019655
1022816
1094322
951705
1062322
879408
900742
860840
950519
848989
843457
1224298
1401681
866766
1497681
824100
825680
839903
785779
825680
839112
821730
810273
840298
837137
914569
787359
829236
812248
972644
1191903
887310
832791
812247
854915
840693
909038
858470
832396
832791
831211
844248
923261
854520
811853
830026
771951
850569
1001878
875853
796445
847408
824100
843853
829235
847013
824495
845433
769581
1137779
1010174
1117631
926421
1167013
1099458
1167409
1276446
1118816
1142520
1051656
1050865
1058372
996742
1136594
1104594
1125137
1029532
974619
1075359
1074174
1152001
1838620
1082865
1073780
1043754
1058372
1005038
1936990
1032693
1087606
975409
1011359
955261
1065483
1042964
1495310
1205335
1149236
1166224
1069038
1049681
1088792
1048495
918519
1058767
1078125
1017680
978964
1056791
1098272
1109730
995557
1098272
1097877
1014124
1094323
1232199
965532
1020051
1102223
1046915
1012545
960396
941828
1112495
1140939
1326224
1034273
982124
1052841
1299360
1842965
1075359
1163458
1162273
1043359
1120396
1013730
1047705
1057581
1580644
1107359
1107754
1031113
1026371
1001088
1063112
1121187
1137384
1269335
1063508
995556
1042569
922075
1030322
1569978
1613039
1105384
1244840
1016495
1773434
1279212
1253532
1049285
958816
971063
929186
920494
773532
1043359
2423706
1223112
894026
854520
874667
863211
848199
847013
850174
882964
762075
797236
830026
835951
857680
932741
1163853
2426077
889285
862816
853730
877828
861236
858865
862421
828841
809482
849779
845038
844248
793680
864791
856890
979754
1227458
896001
865976
857285
850964
851754
867161
866766
871112
849779
891260
887310
827655
852149
839112
828050
847803
1133828
1067853
1058371
1083656
1095507
1197038
1088001
1207310
1202964
1056001
979360
860841
1647410
1074964
890470
923655
1297385
986471
858470
852545
808692
837532
862421
835556
813038
849779
842667
848988
799211
839902
1110915
1125927
1160297
1240100
2172447
1335310
1176101
1029927
1109335
1135409
1049285
1138964
1183211
1178075
1018075
1125137
1105384
1220742
1383113
1069433
1115261
1055606
1070224
1174520
1054421
2420941
1630817
1709434
1419458
1552200
1394174
1361779
1592495
1555755
1338471
1605138
1717336
1706669
1603557
1624495
1510717
1361384
1646224
1403261
1483853
1465285
1456989
1314372
1210865
1277632
1191903
1256298
1262619
1232594
1222717
2454521
1496891
1433681
1264199
1269730
1244841
1204544
1090371
1035458
1559311
1195458
1340051
1340051
1458175
1361384
1392989
1370866
1287902
1380347
1274866
1332150
2300842
1335705
1272496
1171754
1416693
1381533
1392990
1269335
1282767
1375607
1271310
1204149
1934224
1471607
1493730
1438816
1246816
1315952
1357039
1280397
1356249
1851657
2131360
2285434
1383113
1264199
1151606
1136989
1295409
1280396
1238520
1232199
1281187
1125927
1150027
912198
1596447
2680102
1100248
939063
1004249
939458
1047705
891656
888494
875063
843853
813038
831606
850964
848989
902718
2711312
888100
843062
843853
803952
803162
817779
818174
818964
777482
791705
807903
790915
811853
832791
786964
759310
870322
797631
824495
1167803
1042175
950124
842273
772347
919310
891655
852544
844643
867161
908248
892446
870717
848198
909038
828446
1061137
1061532
986076
1046124
820149
777482
1279211
819359
772742
772347
769187
795260
750223
746668
855705
788940
727309
788544
986075
884939
1593286
931952
768001
760495
756149
745087
775112
804347
741137
780643
809087
784593
731260
830026
801581
798026
920890
1388643
917730
847014
796841
960001
853730
830816
841878
763260
822124
824890
831606
811062
835161
818964
850569
1026766
1127113
1152001
1299755
1285138
1124742
1086817
1059161
974619
954470
1151606
1025582
1012939
887310
907853
833976
777878
970273
856495
875853
1118421
1273681
916939
809877
775112
843063
1245236
856890
796445
783408
841483
830026
813433
837927
922865
798420
806322
841088
901532
1204149
880988
829236
831211
820150
803161
824890
836347
817383
818174
828445
803951
844248
802766
914569
840692
828050
824099
1759212
895606
820545
835162
824495
819754
855310
842273
794075
839507
849383
812643
824495
1074964
1080890
1019261
1090372
1102619
1151211
1205730
871508
847014
833186
811063
824495
819359
817779
834372
809483
816989
1025186
890470
805137
837137
853729
857285
849779
1278422
1351113
896001
824100
1458175
864396
843062
808297
814223
843063
951310
900742
874272
859655
809877
764445
830025
798421
1006224
1168989
844248
837531
878223
815014
815013
886520
816199
784594
989235
836347
816199
805927
805532
836347
854915
819359
1619755
830816
803557
830816
809087
820544
849778
836742
780248
824889
1125928
1235755
1334915
1334520
1068643
1153582
1202569
1504397
1254718
1024791
880594
858470
849779
826470
822124
963557
822520
847409
813038
873482
869137
833187
769186
823704
865186
931162
1185187
908248
868347
841482
815014
1107755
1128693
958816
909433
1056001
1071408
1072989
840692
999902
1970965
997137
850964
814223
823309
830816
776692
892050
865581
828050
767211
829235
815013
827260
808693
828841
839507
840297
815803
843063
847804
811458
782223
1472792
825680
806717
1125927
1199409
1163853
1308841
1167804
1016890
1072594
1063112
1002273
1041384
1278816
1142520
1142915
991606
1041384
1088002
1016495
1012939
1146866
1034668
1119211
1093532
1054421
1043755
1068248
1089977
1445928
1105384
1162668
1021236
973433
1008989
1105384
1045335
1140150
1024791
1041779
1646224
1088396
1065087
1257483
1008988
1269730
1134224
1006618
1052051
1184001
1038618
1049285
997927
1048890
956051
1047705
942618
1154767
1142520
1253928
1089187
1092742
1004643
1122766
916545
1094717
1040594
1183211
1015705
1031508
1140939
1022816
1073384
2070126
1405631
1110520
1139359
1086421
1061138
1020841
1045335
1062322
1066668
1146470
1376397
1697582
2181534
2500744
1795558
1602767
1554570
1600002
1400495
1308841
1107359
1196644
1182816
1803064
1750125
1090767
912199
843063
837136
860840
852939
797630
848198
847803
826865
838717
977779
1022816
1007013
1287508
1684940
1566026
895211
807112
829631
833976
878619
945384
898766
1014124
860050
777087
813828
845038
818964
807902
842272
929976
1615015
830816
815408
811063
799606
764446
847014
837927
815803
986075
1044940
897976
860840
822519
1477928
833977
852149
860446
815014
808693
824890
806717
809877
796840
865976
841482
775112
1069434
844248
833186
820940
858470
834371
849779
818174
841877
890865
822519
790520
823705
825285
821730
812643
854915
825285
916544
816988
815408
826075
838322
789334
830420
862421
1558521
848989
823705
845038
833186
826865
815803
845038
835557
813828
875063
856495
849779
764840
802766
828840
824494
822124
834371
846618
856099
817384
806322
910618
851359
802767
825285
834372
828051
1005038
1093532
989236
1024001
1070619
1828743
1471212
1321483
1016890
1244446
1856792
1099063
1183607
969482
921680
838322
835951
788544
833977
850174
827655
789335
868742
832397
838322
814619
921680
1286323
870717
969087
873482
877433
810272
810272
824890
819359
851359
811852
806717
865187
841483
804347
844248
850964
1119606
952495
1230619
880988
823705
792495
814223
851359
866766
813038
821730
860051
848199
793680
829235
851754
853335
818964
836741
853334
1184001
1142520
1106965
1154371
1078124
1172940
1033878
1003063
885729
817384
858075
833581
843458
822915
1593286
1094718
965532
1151212
821729
790915
826866
845828
796840
833186
833977
835557
808297
838322
820940
842273
877038
826865
835951
935507
781433
932742
1257088
939063
824495
801186
815014
820939
826075
799606
830816
820149
801976
814619
841483
836742
804742
830025
1680200
864397
969483
853334
814619
848989
820545
806322
830815
858075
787754
840693
850174
818569
797630
822914
822914
819754
1031112
981729
1120792
1481483
1214421
1112890
919705
932742
852149
841483
824495
846618
817778
836742
875458
855310
891656
1470027
864001
834372
1024001
1143705
869532
841877
846223
839902
829236
876248
822124
805136
831211
833581
833582
952890
842668
848989
841877
818964
830026
904693
1106569
872297
832396
823705
826865
803557
819359
855705
844248
777482
805531
845038
895211
833186
850569
1155557
861631
836741
833976
836347
864791
804742
855310
853335
817779
813038
860445
828445
859260
992791
1064693
1265779
1212841
1085631
998718
1006618
1428150
1215606
1033878
885730
875063
788544
811853
859260
822519
908248
832791
828841
829236
795260
1671113
840297
833977
1167014
1212050
837137
827260
838322
800396
853335
833581
1013335
1071408
1116051
972643
999903
1031903
1127902
1091556
1129878
1234570
1435261
1045729
1121581
1071014
1143310
1112495
1082470
1059161
1033483
1167804
1018866
988050
1160298
1143310
1447903
1174124
1714174
1073384
1114471
973038
954865
841087
838717
939458
833581
1047704
1022421
1279606
1272100
1109335
1142520
1052050
1052445
1252347
1294618
1069038
1161483
1289878
1180446
1076150
1092347
1002668
1042570
1174915
1151606
1121977
1255903
1144495
1092742
1208100
1311607
1062717
1942521
1167014
943409
1164248
1050075
1558521
1199409
